218
Mcd.vulcan 0.000000 0.172134 0.176419 0.220703 0.287337 0.293904 0.324707 0.293853 0.308005 0.293057 0.287758 0.301214 0.179958 0.166010 0.200828 0.230337 0.252679 0.223664 0.228746 0.265829 0.348867 0.397920 0.369871 0.412667 0.438282 0.489386 0.487394 0.469048 0.519834 0.489555 0.434871 0.483450 0.458663 0.461575 0.461791 0.492420 0.500374 0.498493 0.486954 0.528579 0.410451 0.446646 0.453379 0.418982 0.464963 0.479487 0.423306 0.465287 0.489612 0.516493 0.534115 0.536210 0.485911 0.512580 0.487096 0.483206 0.503543 0.493684 0.482206 0.450859 0.478890 0.524031 0.419338 0.544645 0.489468 0.516191 0.488769 0.472057 0.474581 0.509459 0.505350 0.521015 0.524486 0.430774 0.444812 0.445543 0.427643 0.398582 0.497547 0.546314 0.463501 0.465005 0.425876 0.509589 0.435261 0.477464 0.457914 0.442803 0.449702 0.507725 0.456506 0.468671 0.438643 0.440797 0.450477 0.452943 0.459015 0.456525 0.435993 0.480946 0.501977 0.514061 0.415287 0.518658 0.520697 0.497404 0.484216 0.491650 0.517191 0.494203 0.457318 0.482927 0.492209 0.444078 0.432202 0.453545 0.475876 0.497557 0.490796 0.457962 0.478606 0.482389 0.438885 0.456952 0.467870 0.483133 0.495711 0.470467 0.492824 0.508436 0.480642 0.527641 0.468653 0.488397 0.443835 0.443032 0.462153 0.515099 0.550272 0.498324 0.465301 0.505459 0.425957 0.452220 0.445318 0.443909 0.474745 0.465699 0.473468 0.528128 0.532390 0.453162 0.521316 0.412584 0.414137 0.442684 0.476780 0.446998 0.440664 0.441123 0.461327 0.457530 0.443540 0.443786 0.464781 0.455001 0.470900 0.481942 0.476648 0.478712 0.469895 0.479357 0.459470 0.468634 0.498181 0.447104 0.466812 0.479938 0.459718 0.433429 0.448994 0.444463 0.466667 0.462627 0.474924 0.451490 0.456306 0.493941 0.453563 0.466165 0.440689 0.446693 0.466655 0.473664 0.486531 0.470779 0.471971 0.422111 0.422924 0.445905 0.447402 0.489432 0.434874 0.437726 0.445804 0.485600 0.474223 0.468110 0.464882 0.485012 0.477637 0.527580 0.465922 0.506561 0.462817 0.552511 0.465793 0.489001 
Mc.voltae2 0.172134 0.000000 0.238633 0.215884 0.289401 0.307958 0.331546 0.290676 0.307764 0.332211 0.320165 0.309235 0.255760 0.243500 0.269783 0.302204 0.354429 0.299265 0.293394 0.314210 0.355757 0.460013 0.439389 0.479936 0.447907 0.527823 0.508559 0.516664 0.513017 0.523391 0.464385 0.504609 0.500129 0.499719 0.467292 0.553907 0.529787 0.518869 0.503343 0.538217 0.466356 0.473820 0.478205 0.437588 0.471905 0.507739 0.463102 0.461982 0.541073 0.526163 0.549813 0.577480 0.485961 0.508001 0.491149 0.503714 0.517109 0.485840 0.497786 0.457327 0.492233 0.536008 0.459586 0.536588 0.466695 0.554381 0.495968 0.483028 0.465624 0.491922 0.504373 0.521630 0.520343 0.455109 0.462661 0.438062 0.447475 0.417069 0.548423 0.530361 0.481012 0.489976 0.456784 0.509727 0.481470 0.501707 0.454227 0.469164 0.465103 0.489295 0.459025 0.463906 0.453038 0.461228 0.490114 0.473892 0.484506 0.476117 0.452759 0.477540 0.485413 0.478213 0.432752 0.490658 0.520245 0.497273 0.502859 0.492577 0.509325 0.495434 0.455902 0.466414 0.508977 0.462429 0.465975 0.465089 0.462150 0.480751 0.490952 0.459075 0.466987 0.482969 0.454287 0.458578 0.472177 0.490142 0.467763 0.469270 0.485915 0.509963 0.515755 0.515800 0.494027 0.500712 0.475709 0.469411 0.502806 0.524536 0.537896 0.486248 0.513231 0.533409 0.455189 0.459488 0.454987 0.479831 0.480650 0.470121 0.478203 0.504506 0.530179 0.481928 0.485033 0.470407 0.480157 0.461624 0.492068 0.461426 0.456225 0.446469 0.458981 0.484531 0.460144 0.473530 0.457339 0.444258 0.456723 0.470802 0.461861 0.465948 0.458048 0.482471 0.451103 0.452469 0.504515 0.457046 0.470934 0.480396 0.454581 0.460118 0.473435 0.457602 0.466889 0.456779 0.464905 0.450555 0.459007 0.474341 0.473075 0.494714 0.471765 0.442783 0.485263 0.493278 0.491628 0.457704 0.450126 0.446929 0.442675 0.475509 0.451029 0.472397 0.447554 0.462527 0.434844 0.471285 0.463633 0.448763 0.457391 0.473298 0.454646 0.553067 0.506298 0.510012 0.472535 0.517707 0.487755 0.473777 
Mt.fervidu 0.176419 0.238633 0.000000 0.149927 0.256272 0.265219 0.295808 0.249349 0.263532 0.265205 0.300369 0.277689 0.178458 0.159348 0.167025 0.211335 0.245693 0.213526 0.216228 0.261924 0.323022 0.360919 0.359884 0.409685 0.402505 0.489528 0.437520 0.405414 0.441293 0.466956 0.371137 0.446579 0.416219 0.398382 0.429929 0.458876 0.466558 0.453976 0.446896 0.486001 0.371041 0.425815 0.414054 0.388646 0.407959 0.450309 0.414473 0.429005 0.481358 0.498084 0.499619 0.495720 0.492080 0.503694 0.473979 0.469404 0.480003 0.472777 0.473384 0.443056 0.461853 0.489625 0.389303 0.485623 0.458431 0.477731 0.459079 0.453582 0.451273 0.458477 0.463781 0.467611 0.478859 0.382897 0.402427 0.394235 0.405129 0.371623 0.459573 0.520035 0.429720 0.439744 0.410360 0.462913 0.420230 0.451357 0.427554 0.400669 0.405925 0.456702 0.423006 0.424723 0.420155 0.419802 0.429282 0.416081 0.424371 0.425530 0.399001 0.451316 0.444184 0.457172 0.380138 0.468188 0.477899 0.474191 0.438694 0.458503 0.459799 0.449413 0.428695 0.434968 0.462758 0.410702 0.402044 0.442638 0.433084 0.448904 0.456836 0.422937 0.430671 0.425466 0.413609 0.433998 0.417133 0.438117 0.440236 0.421592 0.452529 0.455213 0.444556 0.480776 0.441576 0.417917 0.405021 0.400783 0.463983 0.503152 0.537509 0.433755 0.425201 0.463328 0.390436 0.399695 0.394325 0.414888 0.417838 0.425030 0.438035 0.460529 0.508089 0.420883 0.482320 0.373140 0.398541 0.415466 0.418640 0.411518 0.406031 0.391547 0.410898 0.412051 0.422768 0.417480 0.420140 0.399685 0.417489 0.418837 0.418755 0.420254 0.421107 0.432124 0.416823 0.421251 0.438452 0.410692 0.430392 0.439089 0.432415 0.402067 0.406507 0.392128 0.416267 0.420724 0.422232 0.410276 0.416989 0.437420 0.415845 0.429722 0.391343 0.402827 0.396704 0.459883 0.480608 0.437135 0.428304 0.411173 0.417409 0.416919 0.404735 0.440833 0.413136 0.401512 0.407769 0.444776 0.423929 0.421497 0.423966 0.458123 0.439306 0.480374 0.471530 0.467241 0.455058 0.483554 0.451858 0.449743 
Mb.bryanti 0.220703 0.215884 0.149927 0.000000 0.250687 0.260363 0.299106 0.263051 0.241074 0.273144 0.298586 0.302855 0.242860 0.217246 0.242318 0.268119 0.315366 0.279475 0.282806 0.299783 0.344920 0.440754 0.413525 0.454296 0.446540 0.529239 0.483145 0.473687 0.494961 0.499871 0.422101 0.493483 0.473443 0.453187 0.451771 0.513366 0.492378 0.487017 0.470636 0.484607 0.424198 0.488562 0.460250 0.418830 0.458495 0.470421 0.448398 0.450808 0.517277 0.517280 0.533744 0.545619 0.497219 0.510219 0.472540 0.484940 0.515471 0.493117 0.477117 0.450348 0.474065 0.518804 0.454213 0.504582 0.461733 0.529497 0.481253 0.482368 0.479819 0.480384 0.479394 0.479891 0.481490 0.430866 0.445056 0.433657 0.424961 0.403254 0.528756 0.516642 0.460661 0.450208 0.451855 0.500527 0.453421 0.502696 0.445018 0.452150 0.435589 0.487406 0.449608 0.457736 0.443963 0.440958 0.460922 0.444635 0.451045 0.450064 0.420181 0.470059 0.465492 0.476960 0.419057 0.523519 0.515423 0.513171 0.510396 0.527981 0.507014 0.502293 0.469937 0.490527 0.514206 0.467571 0.472219 0.470282 0.470482 0.458335 0.499056 0.469346 0.472049 0.470808 0.449774 0.483501 0.470273 0.472057 0.477782 0.462934 0.507664 0.510129 0.497835 0.494426 0.490410 0.455057 0.433388 0.453517 0.487075 0.507329 0.546829 0.481257 0.474534 0.496810 0.428051 0.440593 0.424027 0.477089 0.446939 0.451340 0.483328 0.491395 0.524343 0.457084 0.496472 0.432563 0.484542 0.465977 0.477141 0.460048 0.449606 0.443178 0.450716 0.472231 0.455293 0.466630 0.473667 0.443477 0.453977 0.477399 0.461482 0.473479 0.457173 0.486289 0.465068 0.455788 0.481549 0.445035 0.466964 0.480859 0.463943 0.447741 0.447912 0.430912 0.454457 0.461982 0.452593 0.448223 0.456098 0.486216 0.471454 0.471523 0.443826 0.425432 0.468010 0.463852 0.467289 0.476040 0.448112 0.448554 0.444783 0.462699 0.428939 0.457328 0.444722 0.452605 0.435604 0.460842 0.449824 0.466254 0.446842 0.448817 0.474260 0.492594 0.485813 0.478462 0.470587 0.477370 0.477407 0.464023 
Mm.mobile  0.287337 0.289401 0.256272 0.250687 0.000000 0.136674 0.156940 0.227961 0.214737 0.272984 0.330967 0.351295 0.240205 0.284802 0.308430 0.337000 0.368666 0.350399 0.344987 0.360973 0.377225 0.511421 0.466676 0.482142 0.479925 0.583849 0.545507 0.545614 0.555904 0.551363 0.477040 0.513503 0.548720 0.498714 0.551603 0.534008 0.547587 0.520630 0.505574 0.515782 0.501342 0.523594 0.525868 0.454502 0.480188 0.530467 0.485505 0.490328 0.546819 0.550853 0.559924 0.575836 0.528504 0.548550 0.524657 0.552629 0.589098 0.522387 0.516830 0.497389 0.509445 0.538703 0.522999 0.574351 0.537152 0.535081 0.551473 0.536531 0.535343 0.527288 0.558062 0.540077 0.526222 0.499811 0.518055 0.504243 0.496372 0.497700 0.541845 0.592004 0.481517 0.515492 0.474011 0.542808 0.501806 0.550909 0.507336 0.513737 0.472377 0.535257 0.491497 0.488499 0.501382 0.490608 0.500023 0.485407 0.481989 0.505966 0.481873 0.518116 0.530845 0.535132 0.488957 0.529978 0.549217 0.549277 0.539550 0.539398 0.553315 0.531876 0.522091 0.502895 0.544169 0.500354 0.508695 0.501558 0.489321 0.486189 0.514238 0.504982 0.510997 0.491012 0.489203 0.492640 0.501043 0.507884 0.521255 0.511542 0.549740 0.528148 0.534921 0.514982 0.522529 0.513108 0.506936 0.492024 0.541075 0.548702 0.595618 0.500395 0.536393 0.558076 0.467554 0.463896 0.469168 0.531534 0.508168 0.507119 0.489877 0.529894 0.537389 0.504468 0.514657 0.496045 0.541957 0.533591 0.559565 0.524389 0.511322 0.516851 0.519805 0.529657 0.519552 0.534694 0.529299 0.530442 0.498511 0.512180 0.526448 0.531035 0.505270 0.530585 0.550224 0.522187 0.551499 0.518208 0.520151 0.529600 0.549029 0.507641 0.527472 0.513073 0.523232 0.524375 0.545585 0.518836 0.515542 0.516991 0.527943 0.493807 0.489060 0.510151 0.515237 0.511444 0.493805 0.521221 0.503505 0.511533 0.487036 0.473085 0.488509 0.502487 0.474331 0.484297 0.486943 0.502347 0.492258 0.503356 0.498876 0.513446 0.515420 0.556353 0.561727 0.542913 0.539806 0.536137 0.535744 0.488963 
Msp.hungat 0.293904 0.307958 0.265219 0.260363 0.136674 0.000000 0.163286 0.225855 0.203694 0.250046 0.329939 0.329871 0.246300 0.267863 0.283020 0.324132 0.360014 0.323964 0.327166 0.339062 0.370718 0.493535 0.435247 0.469132 0.469213 0.575151 0.547486 0.507715 0.556853 0.542015 0.462261 0.525408 0.518988 0.497366 0.520718 0.540661 0.536876 0.493823 0.481051 0.509506 0.498624 0.520052 0.525610 0.444440 0.480310 0.522346 0.471801 0.480381 0.546265 0.550326 0.567633 0.569354 0.562823 0.571953 0.530992 0.564981 0.562077 0.525950 0.509019 0.498642 0.528118 0.541893 0.504151 0.546043 0.550165 0.570015 0.557544 0.506631 0.548043 0.528870 0.567315 0.536088 0.548038 0.490284 0.518563 0.499385 0.490002 0.486652 0.531804 0.593402 0.482573 0.520427 0.453311 0.558460 0.479834 0.536839 0.497254 0.511427 0.475745 0.534961 0.517127 0.502753 0.518988 0.504134 0.521077 0.486867 0.485919 0.510623 0.482406 0.488637 0.538375 0.514597 0.484276 0.535799 0.554052 0.532710 0.533392 0.526795 0.553245 0.520252 0.511625 0.506516 0.540455 0.482924 0.499080 0.502959 0.490078 0.482241 0.525345 0.505408 0.490238 0.499941 0.490244 0.514195 0.493425 0.507453 0.516879 0.498225 0.550314 0.520366 0.525413 0.534860 0.517865 0.484395 0.492998 0.489732 0.528681 0.589501 0.586116 0.480079 0.524447 0.555990 0.504057 0.500231 0.473026 0.528559 0.511776 0.479449 0.497018 0.531644 0.547774 0.499416 0.531013 0.479389 0.519290 0.509553 0.552650 0.516666 0.518847 0.508482 0.499590 0.522841 0.519147 0.531960 0.513221 0.523645 0.500099 0.503143 0.521793 0.523833 0.501330 0.531526 0.526763 0.509833 0.533939 0.510166 0.525503 0.520614 0.525735 0.499916 0.514753 0.505268 0.529238 0.526234 0.535120 0.521679 0.506288 0.514662 0.513577 0.494024 0.510847 0.518156 0.493888 0.534986 0.507540 0.483550 0.489241 0.495782 0.492820 0.495059 0.476877 0.496170 0.488668 0.487547 0.490796 0.496957 0.515511 0.496657 0.489158 0.497777 0.510804 0.554229 0.558618 0.555077 0.546777 0.589483 0.530873 0.492525 
Mcr.labre2 0.324707 0.331546 0.295808 0.299106 0.156940 0.163286 0.000000 0.257247 0.260435 0.295250 0.347941 0.356054 0.285067 0.320537 0.341186 0.379970 0.389115 0.363249 0.347213 0.392143 0.370700 0.523042 0.489950 0.485085 0.533830 0.614822 0.562810 0.583754 0.589768 0.563095 0.494073 0.531659 0.578888 0.525648 0.575931 0.571840 0.575534 0.551952 0.528289 0.565925 0.518353 0.542637 0.535361 0.501980 0.525267 0.570964 0.521109 0.532939 0.554402 0.567730 0.579624 0.589249 0.552813 0.563332 0.539610 0.567701 0.587438 0.537079 0.552135 0.515058 0.540986 0.572689 0.518877 0.559648 0.582234 0.580373 0.550737 0.558069 0.552777 0.578020 0.595956 0.601537 0.587188 0.530812 0.558183 0.537224 0.514760 0.516216 0.550647 0.608840 0.532894 0.548122 0.471621 0.558957 0.521505 0.571910 0.533463 0.515637 0.499933 0.544774 0.519634 0.530855 0.517873 0.512945 0.506426 0.513684 0.512513 0.528296 0.518357 0.534027 0.549243 0.536932 0.512881 0.550068 0.559242 0.570176 0.547519 0.552321 0.586242 0.555628 0.566233 0.530264 0.564435 0.519925 0.525255 0.528140 0.544012 0.529689 0.537777 0.530753 0.555063 0.526104 0.513485 0.533278 0.527227 0.534799 0.563448 0.538715 0.574711 0.567856 0.571554 0.561526 0.555368 0.531281 0.530304 0.536990 0.556521 0.567994 0.595682 0.526302 0.579588 0.583885 0.500906 0.506298 0.513323 0.558122 0.530609 0.539006 0.505321 0.567190 0.578596 0.550970 0.572062 0.531690 0.546542 0.544868 0.561475 0.529897 0.541108 0.532945 0.567636 0.559490 0.530270 0.564486 0.544262 0.547348 0.533327 0.541863 0.547522 0.574185 0.543716 0.556904 0.571709 0.546822 0.565522 0.553638 0.555213 0.553102 0.558877 0.543096 0.552895 0.545846 0.567795 0.564457 0.555277 0.539198 0.552312 0.549877 0.560781 0.540709 0.518067 0.536910 0.547745 0.558604 0.559714 0.531143 0.544293 0.553240 0.531538 0.514110 0.519992 0.554571 0.510015 0.515524 0.520770 0.539471 0.551581 0.533792 0.522846 0.536392 0.565118 0.602096 0.581148 0.586362 0.574857 0.568350 0.544734 0.537619 
Msr.barke2 0.293853 0.290676 0.249349 0.263051 0.227961 0.225855 0.257247 0.000000 0.162347 0.297959 0.355638 0.329390 0.244308 0.281656 0.305929 0.312826 0.346779 0.319791 0.327774 0.354563 0.358607 0.494491 0.446441 0.469641 0.492311 0.596835 0.559053 0.540338 0.562536 0.540765 0.504999 0.522080 0.545602 0.513328 0.513236 0.557013 0.546985 0.545278 0.531845 0.546452 0.507848 0.507772 0.516937 0.480046 0.492201 0.533486 0.498346 0.518420 0.565041 0.552976 0.574876 0.563125 0.567777 0.561172 0.531608 0.571078 0.538133 0.540291 0.545580 0.498509 0.523831 0.577337 0.485928 0.569392 0.559187 0.577084 0.546583 0.550892 0.572049 0.574725 0.573209 0.567665 0.573312 0.515519 0.539282 0.530109 0.527081 0.512519 0.577378 0.581016 0.521454 0.532994 0.470425 0.590658 0.487541 0.537601 0.546927 0.515811 0.499123 0.545336 0.519030 0.513559 0.526297 0.525605 0.545771 0.521171 0.531007 0.533748 0.479017 0.558828 0.571661 0.574722 0.499484 0.566945 0.578149 0.563181 0.569070 0.561259 0.572990 0.572885 0.544565 0.558568 0.575947 0.519020 0.502579 0.514826 0.520835 0.503995 0.559160 0.542146 0.530207 0.539513 0.515459 0.521511 0.540038 0.544686 0.554689 0.533185 0.557867 0.567402 0.544567 0.589644 0.553763 0.520200 0.484367 0.496830 0.557830 0.576126 0.627953 0.513144 0.540372 0.550938 0.468709 0.493545 0.478700 0.503642 0.492881 0.509005 0.495474 0.561955 0.614882 0.550047 0.539579 0.500344 0.510161 0.504524 0.514578 0.504489 0.499498 0.494562 0.507154 0.510287 0.491313 0.498268 0.529718 0.497284 0.498537 0.495172 0.504624 0.513146 0.494929 0.534317 0.509956 0.493565 0.540566 0.487845 0.507926 0.493514 0.518457 0.489881 0.492985 0.489269 0.516713 0.518365 0.523019 0.496591 0.509535 0.509347 0.515246 0.543286 0.506272 0.515244 0.542707 0.564519 0.525906 0.542831 0.517776 0.516454 0.512967 0.523562 0.499741 0.540392 0.513329 0.507715 0.503158 0.541879 0.522643 0.534529 0.516983 0.543857 0.524938 0.571584 0.542335 0.574728 0.550522 0.566736 0.544212 0.547759 
Mst.conci6 0.308005 0.307764 0.263532 0.241074 0.214737 0.203694 0.260435 0.162347 0.000000 0.261452 0.317270 0.301106 0.243233 0.273928 0.297742 0.305062 0.336002 0.325156 0.340357 0.337091 0.362956 0.474183 0.434445 0.451601 0.478342 0.578976 0.531623 0.504373 0.537663 0.530582 0.479542 0.510217 0.521411 0.490227 0.511931 0.527388 0.525716 0.497688 0.486458 0.486424 0.492995 0.503150 0.484582 0.450608 0.472058 0.506140 0.467226 0.500527 0.517678 0.529124 0.538273 0.532568 0.520652 0.536876 0.501458 0.518027 0.533099 0.481655 0.494493 0.484359 0.494102 0.547366 0.500410 0.525052 0.524717 0.537840 0.554866 0.505268 0.518744 0.516001 0.520292 0.509228 0.521359 0.492327 0.510871 0.474566 0.484122 0.474286 0.557818 0.557033 0.473081 0.507818 0.467130 0.576672 0.493360 0.527544 0.518436 0.508106 0.462387 0.536525 0.505495 0.485237 0.511714 0.501132 0.527690 0.483941 0.499538 0.521331 0.460896 0.531147 0.555781 0.525656 0.492030 0.535807 0.547610 0.544751 0.531349 0.533726 0.546208 0.542638 0.520206 0.497710 0.546963 0.503688 0.496337 0.505649 0.497775 0.497503 0.522938 0.516340 0.494713 0.515948 0.481080 0.498718 0.509381 0.525558 0.531305 0.504194 0.538452 0.512731 0.542702 0.557219 0.508065 0.479026 0.469445 0.482943 0.542971 0.555670 0.585711 0.470495 0.525451 0.523418 0.481418 0.497037 0.474704 0.503467 0.493410 0.478724 0.500124 0.539019 0.583286 0.514517 0.535677 0.451674 0.505914 0.492180 0.510668 0.486400 0.476569 0.474464 0.475287 0.495267 0.469742 0.493522 0.491667 0.472599 0.477623 0.474989 0.488516 0.466992 0.476440 0.512194 0.504326 0.492948 0.505756 0.494897 0.478459 0.500637 0.506128 0.474445 0.477767 0.466477 0.491573 0.487376 0.482723 0.477269 0.483830 0.497311 0.485099 0.501910 0.479219 0.502825 0.512172 0.536182 0.515031 0.507528 0.495558 0.520883 0.484625 0.497881 0.468411 0.519252 0.492596 0.484311 0.482272 0.510626 0.488727 0.504389 0.498052 0.513243 0.487632 0.549954 0.543616 0.529894 0.515251 0.566138 0.523979 0.515854 
Hb.halobiu 0.293057 0.332211 0.265205 0.273144 0.272984 0.250046 0.295250 0.297959 0.261452 0.000000 0.342082 0.331220 0.288528 0.280077 0.320453 0.348814 0.390688 0.336694 0.343046 0.372493 0.381570 0.497489 0.451814 0.476628 0.476040 0.588087 0.528613 0.533871 0.569445 0.562109 0.499955 0.529316 0.517632 0.519192 0.544770 0.523295 0.552215 0.525366 0.531774 0.572210 0.502119 0.523288 0.553606 0.472871 0.501796 0.559325 0.504806 0.506696 0.520495 0.521974 0.551094 0.551663 0.539601 0.557391 0.504982 0.518786 0.558737 0.545798 0.499851 0.503349 0.554181 0.547435 0.517286 0.565717 0.543690 0.547641 0.549918 0.516733 0.540489 0.558022 0.562157 0.545249 0.540399 0.471582 0.497031 0.465789 0.486092 0.480342 0.579769 0.571755 0.514034 0.519602 0.471514 0.597782 0.501138 0.546392 0.491901 0.527969 0.479651 0.540583 0.520163 0.494560 0.497312 0.495411 0.522010 0.479589 0.489708 0.540961 0.470410 0.507965 0.534822 0.515216 0.494603 0.531653 0.545763 0.557596 0.544700 0.541722 0.539624 0.535369 0.512735 0.501550 0.539476 0.493688 0.500670 0.509196 0.496300 0.524119 0.509398 0.511051 0.484110 0.505739 0.484529 0.494183 0.488599 0.503550 0.514162 0.480984 0.562139 0.524528 0.547702 0.569643 0.523707 0.521477 0.505716 0.501120 0.564407 0.574980 0.601196 0.536332 0.529269 0.572736 0.517355 0.504844 0.484316 0.541468 0.530725 0.512716 0.553100 0.550092 0.573213 0.519987 0.548012 0.491367 0.491816 0.512391 0.525795 0.525861 0.507362 0.490067 0.491733 0.499551 0.506744 0.515252 0.513638 0.515825 0.510520 0.502202 0.527543 0.516527 0.504083 0.536716 0.519453 0.517138 0.502662 0.502621 0.516331 0.512677 0.509902 0.502660 0.488686 0.490354 0.520303 0.509986 0.512375 0.519036 0.501606 0.527822 0.514498 0.535964 0.490861 0.505022 0.520330 0.542979 0.513923 0.496569 0.490326 0.517921 0.499101 0.497212 0.494924 0.511274 0.483942 0.495439 0.487685 0.520019 0.501709 0.495587 0.499595 0.520271 0.507001 0.573490 0.583021 0.565996 0.553531 0.572646 0.548500 0.530350 
Pph.oshima 0.287758 0.320165 0.300369 0.298586 0.330967 0.329939 0.347941 0.355638 0.317270 0.342082 0.000000 0.110220 0.300943 0.279387 0.341548 0.362217 0.402349 0.354930 0.372192 0.380681 0.366100 0.485880 0.450458 0.493563 0.491239 0.608898 0.595048 0.549436 0.564427 0.550149 0.514328 0.568009 0.558979 0.548167 0.540343 0.563611 0.516812 0.542289 0.532144 0.577230 0.532703 0.543808 0.529314 0.486609 0.505278 0.530903 0.505030 0.516746 0.563338 0.551723 0.537708 0.562223 0.558950 0.584860 0.540705 0.557947 0.571213 0.530735 0.548541 0.511524 0.557407 0.584262 0.513988 0.537694 0.537617 0.560578 0.575240 0.525722 0.545109 0.552542 0.546335 0.552897 0.551594 0.489632 0.501230 0.473923 0.505390 0.494936 0.569609 0.565555 0.536937 0.542544 0.495864 0.546941 0.501189 0.555585 0.521459 0.538961 0.515426 0.574050 0.551821 0.530394 0.542846 0.535090 0.557603 0.526117 0.541120 0.546154 0.539673 0.556861 0.558709 0.557590 0.509756 0.570195 0.567144 0.569144 0.587112 0.552101 0.563174 0.565027 0.530819 0.537783 0.558907 0.524430 0.522565 0.532044 0.538940 0.543080 0.548266 0.514202 0.536947 0.554095 0.531669 0.532917 0.522163 0.535929 0.543415 0.525217 0.618603 0.561453 0.581498 0.602783 0.548314 0.525408 0.509453 0.527903 0.543614 0.572531 0.562436 0.519942 0.518816 0.550501 0.541579 0.516954 0.487930 0.531102 0.538231 0.519894 0.540159 0.560224 0.565660 0.507972 0.537316 0.531638 0.523714 0.540921 0.556838 0.531796 0.545337 0.528683 0.540417 0.523245 0.534368 0.531230 0.534482 0.555148 0.538338 0.535941 0.529227 0.538357 0.527641 0.546852 0.565542 0.540678 0.561187 0.515033 0.536250 0.549646 0.522994 0.523473 0.531413 0.516317 0.531858 0.520545 0.533643 0.523877 0.521820 0.529430 0.529162 0.578477 0.523913 0.528902 0.555196 0.569760 0.545074 0.538096 0.559676 0.547727 0.541210 0.566606 0.545497 0.561482 0.545239 0.554158 0.548067 0.551014 0.544404 0.540659 0.542147 0.554376 0.535255 0.614006 0.560072 0.577864 0.532053 0.594921 0.562993 0.542429 
Tpl.acidop 0.301214 0.309235 0.277689 0.302855 0.351295 0.329871 0.356054 0.329390 0.301106 0.331220 0.110220 0.000000 0.291292 0.275091 0.318633 0.346629 0.394769 0.344965 0.359931 0.361289 0.355051 0.462970 0.445062 0.474010 0.487832 0.602369 0.590672 0.540594 0.557129 0.564881 0.510375 0.557065 0.557045 0.548858 0.533433 0.567716 0.529075 0.551513 0.540423 0.589905 0.508954 0.530132 0.513816 0.472565 0.515812 0.543618 0.507883 0.511372 0.550584 0.559227 0.542674 0.557136 0.526271 0.570815 0.513529 0.543464 0.546825 0.511118 0.544489 0.501983 0.546871 0.563623 0.501751 0.525488 0.530822 0.565748 0.561358 0.516612 0.539006 0.541526 0.559322 0.540846 0.570352 0.489133 0.495997 0.473516 0.502974 0.480781 0.586566 0.561309 0.533936 0.536746 0.503353 0.539114 0.495101 0.562596 0.517958 0.526044 0.511519 0.576516 0.544994 0.518979 0.535674 0.526909 0.549545 0.531629 0.538816 0.555139 0.537766 0.549240 0.566533 0.536814 0.501961 0.554664 0.577074 0.568365 0.569183 0.543489 0.562907 0.569109 0.520139 0.529735 0.560433 0.518852 0.524383 0.529499 0.521320 0.550579 0.542473 0.509557 0.516749 0.552796 0.511694 0.527569 0.506206 0.521546 0.526713 0.511035 0.586837 0.541742 0.578269 0.580865 0.521077 0.523618 0.510901 0.512590 0.540457 0.555216 0.522803 0.509124 0.511682 0.563857 0.528661 0.510907 0.489243 0.536322 0.533813 0.507910 0.527681 0.565722 0.570585 0.520119 0.534420 0.514609 0.535946 0.530150 0.545321 0.521984 0.539723 0.525632 0.531283 0.525882 0.531203 0.530051 0.529792 0.531369 0.537648 0.530471 0.530358 0.533124 0.524345 0.544788 0.550082 0.534422 0.562828 0.525085 0.528219 0.531968 0.502515 0.516058 0.520229 0.499195 0.523305 0.517790 0.521111 0.515780 0.512361 0.534084 0.519299 0.559533 0.489066 0.532310 0.542841 0.577307 0.515372 0.509605 0.541375 0.567113 0.538387 0.562159 0.534323 0.539112 0.532438 0.528721 0.534201 0.517064 0.529589 0.511646 0.516912 0.551640 0.519070 0.612306 0.583267 0.568973 0.524004 0.581915 0.561652 0.534852 
Arg.fulgid 0.179958 0.255760 0.178458 0.242860 0.240205 0.246300 0.285067 0.244308 0.243233 0.288528 0.300943 0.291292 0.000000 0.175253 0.198765 0.240316 0.274768 0.229800 0.237238 0.273949 0.336983 0.411486 0.355800 0.432951 0.457309 0.522187 0.499842 0.448333 0.508296 0.519489 0.426262 0.503793 0.478895 0.486706 0.507255 0.517060 0.523519 0.502812 0.482212 0.529611 0.428266 0.468680 0.461748 0.429313 0.459585 0.467863 0.433929 0.458041 0.515550 0.519179 0.531097 0.536180 0.524979 0.551959 0.505751 0.521460 0.539822 0.486099 0.500285 0.483057 0.482997 0.530469 0.435259 0.566086 0.510793 0.533288 0.521654 0.482025 0.541474 0.508267 0.525581 0.518633 0.542117 0.430323 0.449245 0.461350 0.454048 0.419176 0.513585 0.556932 0.448187 0.447890 0.435801 0.531595 0.450301 0.487303 0.458747 0.435224 0.432929 0.515230 0.482552 0.470688 0.442458 0.446080 0.470650 0.446904 0.458411 0.451030 0.417368 0.480211 0.519647 0.501105 0.443558 0.520490 0.531396 0.520968 0.497475 0.498052 0.526903 0.498925 0.477411 0.478412 0.535052 0.451511 0.465573 0.472308 0.477551 0.489745 0.508417 0.484577 0.481507 0.482407 0.442822 0.483185 0.441071 0.472926 0.500445 0.464834 0.508469 0.488998 0.496116 0.525650 0.473791 0.465004 0.450022 0.451535 0.494946 0.565584 0.587827 0.486038 0.498903 0.492327 0.424835 0.449328 0.435539 0.459758 0.469166 0.467623 0.478501 0.519166 0.553470 0.443652 0.536913 0.402334 0.451678 0.457056 0.480851 0.465722 0.463609 0.437544 0.445710 0.477063 0.456552 0.469564 0.481340 0.465565 0.464993 0.475630 0.474369 0.462764 0.456262 0.504938 0.498235 0.484776 0.495570 0.455291 0.486954 0.481313 0.488665 0.427115 0.442995 0.438023 0.458477 0.464201 0.468967 0.461359 0.467501 0.494466 0.450825 0.477726 0.462581 0.456698 0.452353 0.496615 0.500484 0.483996 0.473503 0.444135 0.454816 0.467648 0.438655 0.488158 0.468418 0.455626 0.450251 0.486086 0.482552 0.462459 0.480146 0.494566 0.469630 0.522749 0.481246 0.508774 0.499380 0.557886 0.480680 0.488705 
Tc.hythrml 0.166010 0.243500 0.159348 0.217246 0.284802 0.267863 0.320537 0.281656 0.273928 0.280077 0.279387 0.275091 0.175253 0.000000 0.175622 0.200580 0.230442 0.198654 0.208000 0.266556 0.355442 0.385890 0.351239 0.407405 0.425408 0.517259 0.496030 0.441291 0.509236 0.500557 0.387472 0.493591 0.446954 0.450336 0.461439 0.496762 0.504256 0.493564 0.472160 0.523510 0.409556 0.468269 0.451716 0.424717 0.465484 0.498946 0.421694 0.476290 0.496999 0.502430 0.509173 0.518000 0.522076 0.538232 0.495041 0.510271 0.525426 0.494298 0.505311 0.445742 0.503358 0.524633 0.429756 0.521303 0.521375 0.505080 0.504472 0.456121 0.488916 0.526379 0.528313 0.521733 0.535516 0.429463 0.436975 0.449810 0.431068 0.416142 0.490107 0.560997 0.466816 0.476019 0.450553 0.533974 0.455391 0.492841 0.454234 0.449972 0.444616 0.491491 0.463682 0.464048 0.463238 0.448804 0.469901 0.443311 0.451186 0.465361 0.429904 0.489207 0.497885 0.497795 0.446462 0.512468 0.525254 0.533279 0.493515 0.506566 0.534958 0.506750 0.492099 0.494250 0.529824 0.471516 0.448995 0.472609 0.469878 0.489998 0.517112 0.469563 0.488961 0.488954 0.483800 0.492584 0.474650 0.500600 0.516193 0.464299 0.519353 0.513926 0.497468 0.539143 0.491298 0.476663 0.423697 0.431940 0.507684 0.543861 0.573886 0.469846 0.475560 0.492350 0.448516 0.466665 0.457162 0.468171 0.490086 0.461280 0.493393 0.503976 0.561640 0.457971 0.534847 0.425944 0.449398 0.452617 0.465115 0.454865 0.462161 0.438574 0.461219 0.457025 0.463330 0.452281 0.479653 0.450906 0.465008 0.458687 0.473733 0.458761 0.472782 0.481027 0.468773 0.468208 0.483316 0.448269 0.473963 0.473715 0.471682 0.441999 0.450755 0.438833 0.455260 0.462867 0.475016 0.457827 0.458006 0.477362 0.449172 0.469710 0.435422 0.443447 0.449087 0.503400 0.473862 0.463671 0.481557 0.425534 0.455045 0.457961 0.429000 0.484827 0.455083 0.438846 0.461223 0.473889 0.493604 0.454990 0.478911 0.480317 0.476216 0.537438 0.506171 0.529136 0.505431 0.572013 0.475762 0.479339 
Mpy.kandl1 0.200828 0.269783 0.167025 0.242318 0.308430 0.283020 0.341186 0.305929 0.297742 0.320453 0.341548 0.318633 0.198765 0.175622 0.000000 0.202144 0.243722 0.182287 0.210994 0.265275 0.355298 0.373115 0.339849 0.402208 0.413634 0.511298 0.461443 0.430881 0.502146 0.481385 0.386820 0.485344 0.437342 0.433820 0.460837 0.437585 0.479648 0.463583 0.442870 0.488900 0.391472 0.435888 0.426934 0.402236 0.442232 0.475655 0.416684 0.453166 0.497073 0.501144 0.517721 0.516516 0.525721 0.532950 0.502095 0.531426 0.527454 0.473578 0.501150 0.453906 0.492590 0.524804 0.411906 0.516488 0.491636 0.505857 0.477592 0.441979 0.500166 0.511626 0.525464 0.510407 0.549491 0.423902 0.435736 0.442632 0.426147 0.411305 0.479603 0.542748 0.435085 0.459722 0.441888 0.490022 0.446548 0.475623 0.429439 0.419691 0.436572 0.478630 0.454239 0.444586 0.453250 0.427790 0.448242 0.441574 0.435382 0.442913 0.426076 0.463167 0.496832 0.474656 0.430238 0.513278 0.539183 0.527834 0.495353 0.501942 0.531573 0.509885 0.473398 0.496727 0.518976 0.472258 0.454062 0.471075 0.472470 0.481488 0.506341 0.474835 0.477649 0.489966 0.466804 0.500962 0.470062 0.491376 0.490548 0.477426 0.513716 0.505214 0.506350 0.552799 0.489977 0.439382 0.413838 0.425366 0.461014 0.530219 0.554833 0.462031 0.459570 0.464806 0.437285 0.437019 0.407883 0.453907 0.452986 0.454364 0.467402 0.492918 0.560473 0.439632 0.524670 0.402091 0.405616 0.450407 0.448851 0.441396 0.456571 0.437854 0.456299 0.456825 0.451017 0.451757 0.466591 0.453447 0.460123 0.475300 0.457096 0.465493 0.456185 0.491030 0.469916 0.469168 0.486050 0.450557 0.465803 0.480814 0.458029 0.419692 0.432743 0.421913 0.455762 0.447714 0.460669 0.460952 0.451445 0.490167 0.455328 0.473365 0.422512 0.457724 0.434035 0.474911 0.488104 0.449615 0.456453 0.398617 0.427594 0.451399 0.422715 0.467900 0.451249 0.425614 0.441964 0.462940 0.468088 0.435601 0.458440 0.477407 0.467450 0.531741 0.461874 0.502338 0.501261 0.551460 0.459141 0.452274 
Tmf.penden 0.230337 0.302204 0.211335 0.268119 0.337000 0.324132 0.379970 0.312826 0.305062 0.348814 0.362217 0.346629 0.240316 0.200580 0.202144 0.000000 0.138719 0.130178 0.155360 0.173416 0.305100 0.406554 0.376279 0.404494 0.446087 0.526266 0.487480 0.444790 0.505049 0.492734 0.395978 0.482031 0.446940 0.433352 0.467041 0.505559 0.507772 0.506536 0.483137 0.516888 0.406578 0.470878 0.443279 0.435148 0.460395 0.497275 0.452559 0.490035 0.501945 0.523458 0.527069 0.527989 0.507440 0.532566 0.509702 0.508406 0.519807 0.492867 0.525883 0.457976 0.484828 0.542624 0.438698 0.498478 0.496815 0.491651 0.528685 0.460460 0.496955 0.527008 0.546191 0.531928 0.537416 0.425950 0.430059 0.448873 0.437918 0.421940 0.520182 0.547138 0.464208 0.480426 0.439503 0.524596 0.451895 0.500826 0.453451 0.462655 0.436315 0.492758 0.462138 0.450339 0.464437 0.450938 0.472714 0.443882 0.455269 0.451038 0.432455 0.487050 0.508410 0.499419 0.453439 0.518910 0.539795 0.520720 0.486501 0.502647 0.538021 0.504306 0.502052 0.485123 0.516314 0.494043 0.461123 0.507391 0.484846 0.500967 0.542175 0.481871 0.496375 0.515867 0.485577 0.523939 0.471577 0.504761 0.512423 0.482674 0.510894 0.526852 0.515445 0.557127 0.515235 0.477856 0.458309 0.461196 0.496757 0.520356 0.549286 0.463481 0.459770 0.489154 0.472740 0.483498 0.468505 0.473629 0.490496 0.481305 0.520950 0.497632 0.553420 0.462826 0.526718 0.423906 0.435211 0.455910 0.477444 0.467529 0.465982 0.451092 0.463137 0.461937 0.449034 0.448353 0.483170 0.440808 0.460273 0.464442 0.463383 0.457170 0.467153 0.479552 0.460744 0.475409 0.463943 0.455135 0.475682 0.502543 0.459468 0.438809 0.436222 0.432178 0.460779 0.467391 0.482565 0.453876 0.462792 0.484065 0.459689 0.485924 0.443136 0.476936 0.472303 0.497528 0.508849 0.482122 0.476233 0.457239 0.451814 0.455076 0.427913 0.472613 0.456759 0.438045 0.452294 0.467565 0.476922 0.459145 0.459004 0.477878 0.473570 0.517924 0.506235 0.517293 0.479050 0.557783 0.484866 0.480132 
Thp.neutro 0.252679 0.354429 0.245693 0.315366 0.368666 0.360014 0.389115 0.346779 0.336002 0.390688 0.402349 0.394769 0.274768 0.230442 0.243722 0.138719 0.000000 0.144926 0.173057 0.198515 0.343076 0.407833 0.382551 0.419131 0.470027 0.528188 0.474616 0.456985 0.506488 0.496616 0.398005 0.477839 0.455900 0.435673 0.460558 0.474646 0.487221 0.467089 0.467101 0.498165 0.432125 0.486673 0.442756 0.461022 0.474062 0.506938 0.460625 0.514670 0.517150 0.535469 0.531218 0.549901 0.536186 0.548358 0.537309 0.530775 0.513180 0.517040 0.523647 0.471275 0.500109 0.547291 0.461543 0.498236 0.516736 0.496457 0.533969 0.480068 0.501557 0.508204 0.510094 0.522146 0.524409 0.443972 0.459409 0.472396 0.449373 0.437571 0.498111 0.556043 0.517563 0.486865 0.444875 0.557034 0.485538 0.519076 0.469731 0.455330 0.439781 0.490251 0.445803 0.459576 0.450875 0.449171 0.458180 0.454418 0.460075 0.459179 0.439361 0.499098 0.511887 0.536799 0.449507 0.521198 0.529669 0.497925 0.479214 0.493895 0.523981 0.494672 0.487027 0.486384 0.499666 0.475312 0.462912 0.478896 0.493886 0.521496 0.510126 0.488669 0.498825 0.503873 0.470847 0.505292 0.490708 0.504707 0.538394 0.496978 0.512240 0.525312 0.509824 0.553432 0.506916 0.488641 0.449267 0.469030 0.510757 0.542501 0.575842 0.476173 0.454716 0.502682 0.467007 0.491359 0.494844 0.483790 0.499614 0.489795 0.520760 0.518891 0.546804 0.473889 0.558185 0.447323 0.410124 0.454005 0.474341 0.474262 0.464612 0.453573 0.465355 0.478124 0.460931 0.458802 0.486903 0.464986 0.478198 0.468830 0.477501 0.481184 0.495270 0.486394 0.488389 0.489764 0.492402 0.468359 0.496813 0.502000 0.492029 0.450094 0.454042 0.461676 0.479131 0.471501 0.487747 0.456824 0.479498 0.489950 0.464852 0.502755 0.456279 0.497633 0.476298 0.515552 0.533608 0.515143 0.525585 0.464349 0.472101 0.486901 0.466626 0.523463 0.491076 0.464813 0.481558 0.514436 0.500049 0.503004 0.503173 0.518567 0.510013 0.532585 0.490093 0.534328 0.498402 0.552761 0.458149 0.486593 
Pyr.occult 0.223664 0.299265 0.213526 0.279475 0.350399 0.323964 0.363249 0.319791 0.325156 0.336694 0.354930 0.344965 0.229800 0.198654 0.182287 0.130178 0.144926 0.000000 0.085009 0.140229 0.297056 0.380691 0.345742 0.405006 0.431318 0.515128 0.470528 0.410852 0.499685 0.471612 0.381700 0.460396 0.443901 0.441329 0.463454 0.462413 0.490737 0.460583 0.443951 0.495428 0.395315 0.468795 0.454123 0.435634 0.465378 0.488242 0.440075 0.486282 0.537761 0.543573 0.539369 0.548271 0.557039 0.564277 0.539615 0.545405 0.538589 0.508308 0.513096 0.473426 0.508143 0.540518 0.437747 0.498675 0.488371 0.497748 0.519590 0.432781 0.485225 0.520158 0.534699 0.526716 0.539308 0.418630 0.429631 0.450732 0.427887 0.416851 0.497829 0.541763 0.476295 0.457332 0.441264 0.514547 0.450780 0.489916 0.427436 0.451006 0.441027 0.500372 0.467761 0.453539 0.463245 0.444248 0.465918 0.440267 0.447465 0.445712 0.435144 0.469579 0.524267 0.514855 0.453296 0.504629 0.530181 0.515906 0.479584 0.502155 0.529745 0.497785 0.482167 0.479492 0.509548 0.459501 0.449373 0.466987 0.475535 0.490142 0.512823 0.461167 0.470045 0.509068 0.467557 0.492768 0.468069 0.480415 0.510164 0.454750 0.500248 0.503866 0.497274 0.546637 0.493828 0.458483 0.454495 0.444524 0.495350 0.550131 0.551568 0.458860 0.460541 0.474486 0.438936 0.467918 0.441637 0.445953 0.485791 0.467122 0.490930 0.482039 0.549325 0.445172 0.535182 0.403123 0.386867 0.448351 0.438680 0.434340 0.429891 0.429812 0.436028 0.429032 0.431627 0.427664 0.451595 0.432036 0.444384 0.448159 0.447377 0.444331 0.452166 0.467565 0.447617 0.460417 0.460043 0.424955 0.458296 0.480673 0.440310 0.419746 0.416240 0.420301 0.445337 0.443744 0.455218 0.430548 0.436932 0.459893 0.433771 0.491647 0.422923 0.461825 0.447100 0.499385 0.504104 0.457932 0.471725 0.417609 0.430428 0.450567 0.431552 0.469131 0.456333 0.437726 0.441964 0.477504 0.462262 0.448918 0.471773 0.478938 0.469307 0.524029 0.477235 0.508826 0.497246 0.543115 0.469556 0.467326 
Dco.mobili 0.228746 0.293394 0.216228 0.282806 0.344987 0.327166 0.347213 0.327774 0.340357 0.343046 0.372192 0.359931 0.237238 0.208000 0.210994 0.155360 0.173057 0.085009 0.000000 0.150744 0.303884 0.415932 0.368831 0.430196 0.446733 0.523347 0.499003 0.425667 0.499732 0.500164 0.401150 0.469679 0.459045 0.462880 0.483439 0.493979 0.525805 0.501856 0.479350 0.519800 0.414198 0.484877 0.476546 0.459001 0.479696 0.499443 0.466312 0.478259 0.529748 0.543900 0.557410 0.554926 0.559794 0.569962 0.544174 0.544743 0.550384 0.510027 0.525258 0.492763 0.526402 0.542327 0.441340 0.517495 0.483389 0.537762 0.530983 0.467812 0.492730 0.512557 0.523513 0.524672 0.529401 0.414935 0.434107 0.433835 0.422414 0.407660 0.518683 0.543972 0.471157 0.462973 0.430823 0.539629 0.449089 0.493534 0.435883 0.461706 0.456136 0.492939 0.482418 0.472939 0.474255 0.463198 0.473015 0.453544 0.460206 0.453258 0.452232 0.476088 0.522076 0.518336 0.458436 0.516402 0.529329 0.510222 0.488855 0.499108 0.521255 0.496659 0.476526 0.473412 0.505390 0.458667 0.435722 0.475218 0.472039 0.481530 0.507538 0.461946 0.479001 0.498519 0.461598 0.500822 0.471668 0.482614 0.507656 0.458719 0.489114 0.510200 0.496939 0.533536 0.482120 0.477137 0.471704 0.473086 0.500173 0.541113 0.561434 0.491346 0.484066 0.483058 0.447293 0.478974 0.452630 0.464052 0.494804 0.474809 0.513007 0.482667 0.546412 0.453455 0.525431 0.405514 0.418345 0.460800 0.455440 0.450952 0.456287 0.451204 0.452825 0.454269 0.455574 0.455982 0.470582 0.458813 0.463274 0.460497 0.477197 0.462045 0.474001 0.484723 0.459822 0.483487 0.466911 0.445015 0.468678 0.498891 0.461220 0.449020 0.446504 0.449912 0.474299 0.466080 0.466393 0.464779 0.454791 0.474543 0.461648 0.496218 0.432751 0.480869 0.449043 0.504743 0.519442 0.469292 0.481224 0.432138 0.453151 0.476783 0.459415 0.498953 0.481763 0.468010 0.466202 0.511052 0.483496 0.467587 0.481440 0.496829 0.482966 0.512485 0.500740 0.512048 0.500368 0.560791 0.462746 0.490840 
Sul.solfa4 0.265829 0.314210 0.261924 0.299783 0.360973 0.339062 0.392143 0.354563 0.337091 0.372493 0.380681 0.361289 0.273949 0.266556 0.265275 0.173416 0.198515 0.140229 0.150744 0.000000 0.326514 0.408325 0.412951 0.452756 0.472681 0.540680 0.506739 0.483605 0.503228 0.488803 0.415153 0.491416 0.480616 0.479633 0.500527 0.555675 0.530126 0.511941 0.483414 0.520896 0.425604 0.488185 0.472263 0.466033 0.478325 0.499851 0.458018 0.502901 0.542077 0.540898 0.572839 0.580240 0.559019 0.581497 0.553991 0.552978 0.560259 0.513545 0.535845 0.501791 0.550737 0.579422 0.470102 0.510464 0.508602 0.520124 0.546770 0.473451 0.497594 0.534247 0.567005 0.558859 0.566430 0.444800 0.451338 0.459257 0.451844 0.434050 0.530406 0.540023 0.495104 0.477959 0.477914 0.554750 0.468216 0.528919 0.465355 0.481917 0.444441 0.517240 0.471488 0.476303 0.466567 0.452594 0.470443 0.444815 0.471585 0.465570 0.453891 0.491729 0.558521 0.531342 0.458169 0.530951 0.548415 0.542090 0.533168 0.540236 0.558999 0.541862 0.522982 0.520935 0.543712 0.490718 0.485774 0.482762 0.518508 0.522758 0.543521 0.482142 0.515881 0.555086 0.488552 0.524968 0.484068 0.509820 0.527933 0.494284 0.534174 0.528319 0.538869 0.587497 0.525007 0.489765 0.495173 0.482525 0.507924 0.531265 0.549078 0.487477 0.475716 0.523447 0.479602 0.516098 0.480128 0.494208 0.515961 0.502905 0.515455 0.525568 0.564865 0.472528 0.554328 0.444192 0.432372 0.494505 0.485578 0.468988 0.470195 0.459168 0.467879 0.477644 0.464661 0.468016 0.494138 0.468406 0.475635 0.486010 0.487400 0.484905 0.486599 0.497979 0.485443 0.504850 0.497148 0.469566 0.494945 0.512706 0.466292 0.454955 0.461989 0.454220 0.473881 0.463177 0.477337 0.459174 0.457871 0.494963 0.458559 0.500542 0.435614 0.483584 0.502137 0.504911 0.506219 0.483864 0.478110 0.475473 0.480452 0.475483 0.469485 0.510903 0.487542 0.477582 0.467184 0.512006 0.500512 0.472348 0.482029 0.491636 0.501593 0.550118 0.520336 0.549785 0.525267 0.564901 0.494801 0.473038 
