218
Mcd.vulcan          0 0.17215 0.17644 0.22073 0.28738 0.29396 0.32476 0.2939 0.30806 0.29311 0.28781 0.30127 0.17999 0.16603 0.20086 0.23038 0.25273 0.2237 0.22879 0.26588 0.34894 0.39803 0.36998 0.41278 0.4384 0.48955 0.48755 0.4692 0.51999 0.4897 0.435 0.48359 0.45881 0.46171 0.46191 0.49257 0.50053 0.49865 0.48709 0.52875 0.41056 0.44677 0.45351 0.4191 0.4651 0.47963 0.42343 0.46543 0.48976 0.51665 0.53429 0.53639 0.48604 0.51272 0.48722 0.48335 0.50369 0.49382 0.48235 0.45098 0.47903 0.52419 0.41945 0.54482 0.48962 0.51635 0.48893 0.4722 0.47472 0.50961 0.50549 0.52116 0.52464 0.43088 0.44492 0.44565 0.42775 0.39868 0.49771 0.5465 0.46363 0.46514 0.42599 0.50975 0.43539 0.47761 0.45805 0.44293 0.44984 0.50789 0.45664 0.46882 0.43877 0.44092 0.45061 0.45307 0.45915 0.45667 0.43611 0.48109 0.50213 0.51422 0.4154 0.51883 0.52086 0.49757 0.48438 0.4918 0.51735 0.49436 0.45745 0.48307 0.49236 0.44421 0.43233 0.45367 0.47601 0.49771 0.49094 0.45809 0.47874 0.48254 0.439 0.45708 0.46801 0.48328 0.49586 0.47061 0.49297 0.5086 0.48079 0.52782 0.46879 0.48854 0.44396 0.44317 0.46228 0.51525 0.55043 0.49849 0.46545 0.50563 0.42608 0.45235 0.44545 0.44404 0.47488 0.46584 0.47361 0.52829 0.53255 0.45329 0.52149 0.4127 0.41425 0.44282 0.47692 0.44713 0.44079 0.44125 0.46146 0.45766 0.44366 0.4439 0.46492 0.45513 0.47103 0.48208 0.47678 0.47885 0.47003 0.4795 0.45961 0.46877 0.49834 0.44722 0.46695 0.48009 0.45985 0.43356 0.44912 0.44459 0.4668 0.46276 0.47506 0.45161 0.45643 0.49408 0.45369 0.46631 0.44081 0.44682 0.46681 0.47381 0.48667 0.4709 0.47209 0.42223 0.42304 0.44604 0.44754 0.48958 0.43501 0.43786 0.44593 0.48575 0.47436 0.46825 0.46503 0.48517 0.47778 0.52775 0.46606 0.50672 0.46294 0.55267 0.46593 0.48916
Mc.voltae2          0.17215 0 0.23866 0.21591 0.28945 0.30801 0.3316 0.29073 0.30782 0.33227 0.32023 0.30929 0.2558 0.24354 0.26982 0.30225 0.3545 0.29931 0.29344 0.31427 0.35583 0.46014 0.43951 0.48008 0.44803 0.528 0.50871 0.51682 0.51316 0.52354 0.46452 0.50476 0.50028 0.49986 0.46742 0.55408 0.52995 0.51902 0.50349 0.53839 0.46648 0.47394 0.47834 0.4377 0.47203 0.50789 0.46323 0.46212 0.54125 0.52633 0.55 0.57769 0.4861 0.50816 0.4913 0.50387 0.51728 0.48598 0.49795 0.45745 0.49239 0.53619 0.45971 0.53675 0.46683 0.55455 0.49612 0.48317 0.46576 0.49206 0.50452 0.52179 0.52049 0.45523 0.46278 0.43817 0.44759 0.41717 0.5486 0.53053 0.48114 0.49012 0.45691 0.50988 0.48161 0.50185 0.45435 0.4693 0.46524 0.48945 0.45916 0.46405 0.45317 0.46136 0.49026 0.47403 0.48464 0.47626 0.45288 0.47768 0.48555 0.47835 0.43287 0.4908 0.52039 0.49742 0.50301 0.49272 0.50947 0.49558 0.45603 0.46654 0.50913 0.46256 0.4661 0.46521 0.46228 0.4809 0.49109 0.4592 0.46711 0.4831 0.45441 0.45871 0.47231 0.49028 0.46789 0.46939 0.48606 0.51012 0.51591 0.51596 0.49416 0.50085 0.47583 0.46955 0.50295 0.52469 0.53805 0.4864 0.51339 0.53358 0.45532 0.45962 0.45511 0.47997 0.48079 0.47025 0.47834 0.50466 0.53034 0.48207 0.48518 0.47054 0.48028 0.46176 0.4922 0.46156 0.45635 0.44659 0.45911 0.48467 0.46027 0.47365 0.45747 0.44438 0.45685 0.47093 0.46199 0.46608 0.45818 0.48261 0.45123 0.4526 0.50467 0.45717 0.47107 0.48054 0.45471 0.46025 0.47357 0.45773 0.46702 0.45691 0.46504 0.45068 0.45913 0.47448 0.47321 0.49486 0.47189 0.44291 0.48541 0.49342 0.49177 0.45781 0.45024 0.44705 0.44279 0.47564 0.45116 0.47253 0.44768 0.46266 0.43496 0.47142 0.46376 0.44888 0.45752 0.47343 0.45477 0.55326 0.50646 0.51017 0.47267 0.51786 0.4879 0.47391
Mt.fervidu          0.17644 0.23866 0 0.14994 0.25631 0.26526 0.29586 0.24939 0.26357 0.26525 0.30042 0.27773 0.17848 0.15937 0.16705 0.21137 0.24574 0.21356 0.21627 0.26197 0.32308 0.36102 0.35999 0.40981 0.40261 0.48969 0.43765 0.40553 0.44142 0.4671 0.37124 0.4467 0.41635 0.39849 0.43004 0.45902 0.4667 0.45411 0.44702 0.48616 0.37114 0.42594 0.41417 0.38875 0.40807 0.45044 0.41459 0.42913 0.4815 0.49823 0.49977 0.49588 0.49222 0.50384 0.47411 0.46954 0.48015 0.4729 0.47353 0.44318 0.46199 0.48977 0.3894 0.48577 0.45856 0.47787 0.45921 0.45372 0.4514 0.45861 0.46392 0.46775 0.479 0.38299 0.40253 0.39433 0.40523 0.37172 0.4597 0.5202 0.42983 0.43987 0.41047 0.46305 0.42035 0.45149 0.42767 0.40077 0.40603 0.45684 0.42313 0.42484 0.42027 0.41992 0.4294 0.41619 0.42449 0.42565 0.39911 0.45145 0.4443 0.4573 0.38023 0.46833 0.47804 0.47434 0.43883 0.45864 0.45993 0.44954 0.42882 0.43509 0.4629 0.41082 0.40215 0.44276 0.4332 0.44904 0.45696 0.42305 0.43078 0.42558 0.41372 0.43411 0.41724 0.43824 0.44036 0.4217 0.45267 0.45534 0.44468 0.48092 0.4417 0.41803 0.40513 0.40089 0.46411 0.50331 0.53767 0.43388 0.42533 0.46347 0.39054 0.3998 0.39443 0.415 0.41795 0.42515 0.43815 0.46065 0.50823 0.421 0.48247 0.37324 0.39866 0.4156 0.41876 0.41163 0.40614 0.39165 0.41101 0.41217 0.42288 0.41759 0.42026 0.39979 0.4176 0.41895 0.41886 0.42037 0.42122 0.43224 0.41694 0.42137 0.43859 0.4108 0.43051 0.43922 0.43254 0.40218 0.40662 0.39224 0.41638 0.42085 0.42235 0.41038 0.41711 0.43754 0.41596 0.42985 0.39144 0.40293 0.39682 0.46001 0.48073 0.43724 0.42841 0.41129 0.41752 0.41703 0.40485 0.44095 0.41324 0.40162 0.40787 0.4449 0.42404 0.42161 0.42409 0.45826 0.43943 0.48052 0.47168 0.46737 0.45518 0.48369 0.45199 0.44987
Mb.bryanti          0.22073 0.21591 0.14994 0 0.25072 0.2604 0.29915 0.26309 0.24111 0.27319 0.29864 0.30291 0.24289 0.21728 0.24235 0.26816 0.31543 0.27952 0.28285 0.29984 0.34498 0.44088 0.41364 0.45443 0.44666 0.52943 0.48329 0.47383 0.49512 0.50003 0.42222 0.49362 0.47358 0.45331 0.45189 0.51352 0.49252 0.48716 0.47078 0.48476 0.42431 0.4887 0.46038 0.41895 0.45862 0.47056 0.44852 0.45095 0.51744 0.51744 0.53391 0.54581 0.49736 0.51037 0.47267 0.48508 0.51563 0.49326 0.47726 0.45047 0.47421 0.51896 0.45433 0.50474 0.46186 0.52966 0.4814 0.48251 0.47996 0.48052 0.47953 0.48003 0.48163 0.43098 0.44517 0.43377 0.42507 0.40336 0.52892 0.51681 0.46078 0.45034 0.45198 0.50068 0.45355 0.50285 0.44515 0.45227 0.43571 0.48755 0.44974 0.45787 0.44409 0.44108 0.46106 0.44476 0.45117 0.4502 0.42029 0.4702 0.46562 0.4771 0.41917 0.52368 0.51559 0.51334 0.51056 0.52815 0.50717 0.50245 0.47008 0.49067 0.51438 0.46771 0.47236 0.47042 0.47062 0.45847 0.4992 0.46949 0.47218 0.47094 0.4499 0.48364 0.4704 0.47219 0.47792 0.46306 0.50782 0.51029 0.49799 0.49458 0.49055 0.45518 0.4335 0.45365 0.48722 0.50748 0.547 0.4814 0.47468 0.49697 0.42817 0.44072 0.42414 0.47723 0.44706 0.45147 0.48347 0.49153 0.5245 0.45722 0.49663 0.43269 0.48468 0.46613 0.47728 0.46018 0.44973 0.4433 0.45085 0.47237 0.45542 0.46676 0.47381 0.4436 0.45411 0.47753 0.46161 0.47362 0.4573 0.48643 0.46521 0.45592 0.4817 0.44516 0.4671 0.48101 0.46408 0.44787 0.44804 0.43103 0.45459 0.46212 0.45273 0.44834 0.45623 0.48635 0.47159 0.47167 0.44394 0.42555 0.46815 0.46399 0.46742 0.47616 0.44823 0.44868 0.44491 0.46283 0.42906 0.45746 0.44485 0.45274 0.43572 0.46098 0.44995 0.46639 0.44697 0.44895 0.4744 0.49276 0.48596 0.47861 0.47072 0.4775 0.47755 0.46416
Mm.mobile          0.28738 0.28945 0.25631 0.25072 0 0.13669 0.15696 0.228 0.21477 0.27303 0.33103 0.35136 0.24024 0.28485 0.30848 0.33707 0.36875 0.35047 0.34506 0.36105 0.37731 0.51158 0.46681 0.48229 0.48006 0.58406 0.54568 0.54579 0.55607 0.55153 0.47718 0.51366 0.5489 0.49886 0.55178 0.53418 0.54776 0.52078 0.50572 0.51594 0.50148 0.52374 0.52601 0.45463 0.48033 0.53063 0.48564 0.49048 0.54699 0.55103 0.5601 0.57604 0.52866 0.54872 0.52481 0.5528 0.5893 0.52254 0.51699 0.49753 0.50961 0.53886 0.52315 0.57453 0.53732 0.53525 0.55165 0.53669 0.5355 0.52744 0.55822 0.54023 0.52637 0.49995 0.51821 0.50438 0.49651 0.49785 0.54201 0.59221 0.48165 0.51566 0.47415 0.54298 0.50195 0.55109 0.5075 0.51389 0.47251 0.53543 0.49165 0.48864 0.50153 0.49075 0.50017 0.48555 0.48213 0.50612 0.48201 0.51827 0.531 0.53529 0.48911 0.53014 0.54939 0.54946 0.53972 0.53957 0.55349 0.53204 0.52225 0.50304 0.54434 0.5005 0.50884 0.5017 0.48946 0.48633 0.51438 0.50514 0.51114 0.49115 0.48934 0.49278 0.50119 0.50804 0.52141 0.51169 0.54992 0.52831 0.53509 0.51514 0.52269 0.51326 0.50709 0.49216 0.54124 0.54888 0.5958 0.50055 0.53657 0.55826 0.46769 0.46402 0.4693 0.53169 0.50832 0.50728 0.49002 0.53004 0.53755 0.50462 0.51482 0.49619 0.54212 0.53377 0.55974 0.52455 0.51147 0.517 0.51996 0.52982 0.51971 0.53485 0.52946 0.5306 0.49866 0.51233 0.52661 0.5312 0.50542 0.53075 0.5504 0.52234 0.55167 0.51836 0.52031 0.52978 0.54921 0.5078 0.52764 0.51323 0.52339 0.52454 0.54575 0.51899 0.5157 0.51715 0.5281 0.49394 0.48919 0.51029 0.5154 0.51159 0.49394 0.52137 0.50365 0.51169 0.48717 0.47322 0.48865 0.50263 0.47447 0.48443 0.48708 0.50249 0.4924 0.5035 0.49902 0.51359 0.51557 0.55654 0.56192 0.54308 0.53998 0.53631 0.5359 0.4891
Msp.hungat          0.29396 0.30801 0.26526 0.2604 0.13669 0 0.16331 0.22589 0.20372 0.25009 0.33 0.32993 0.24634 0.26791 0.28307 0.3242 0.3601 0.32402 0.32723 0.33913 0.37079 0.49369 0.43537 0.46928 0.46935 0.57536 0.54767 0.50787 0.55704 0.54219 0.46241 0.52557 0.51915 0.49752 0.52088 0.54084 0.53704 0.49397 0.48119 0.50967 0.49878 0.5202 0.52577 0.44456 0.48046 0.5225 0.47194 0.48053 0.54644 0.55051 0.56782 0.56956 0.563 0.57213 0.53115 0.56516 0.56227 0.5261 0.50918 0.49878 0.52829 0.54206 0.5043 0.54623 0.55034 0.5702 0.55774 0.50677 0.54822 0.52903 0.5675 0.53625 0.5482 0.49042 0.51872 0.49953 0.49014 0.4868 0.53197 0.59362 0.48271 0.52059 0.45344 0.55864 0.47997 0.53701 0.49741 0.51159 0.47589 0.53514 0.51731 0.50292 0.51916 0.50431 0.52126 0.48703 0.48608 0.5108 0.48256 0.4888 0.53855 0.51476 0.48443 0.53598 0.55424 0.53289 0.53357 0.52697 0.55343 0.52042 0.51179 0.50668 0.54063 0.48307 0.49923 0.50311 0.49023 0.48239 0.5255 0.50557 0.49038 0.50009 0.4904 0.51436 0.49357 0.50761 0.51704 0.49838 0.55049 0.52053 0.52559 0.53503 0.51803 0.48454 0.49315 0.48988 0.52885 0.58971 0.5863 0.48023 0.52462 0.55617 0.50423 0.50038 0.47317 0.52872 0.51194 0.47959 0.49717 0.5318 0.54794 0.49958 0.53118 0.47954 0.51945 0.50973 0.55282 0.51683 0.51901 0.50864 0.49975 0.52301 0.51931 0.53212 0.51339 0.52381 0.50025 0.5033 0.52195 0.524 0.50149 0.5317 0.52694 0.50999 0.53412 0.51032 0.52567 0.52079 0.52591 0.50007 0.51491 0.50543 0.52941 0.52641 0.5353 0.52184 0.50645 0.51483 0.51374 0.49417 0.51099 0.51832 0.49404 0.53516 0.50769 0.48369 0.48938 0.49594 0.49297 0.49521 0.47703 0.49632 0.48883 0.48771 0.49094 0.49712 0.51567 0.49681 0.48931 0.49794 0.51097 0.55443 0.55882 0.55527 0.54697 0.5897 0.53103 0.49267
Mcr.labre2          0.32476 0.3316 0.29586 0.29915 0.15696 0.16331 0 0.25729 0.26048 0.29531 0.34801 0.35612 0.28511 0.3206 0.34125 0.38005 0.3892 0.36332 0.34728 0.39223 0.37078 0.52322 0.4901 0.48523 0.53399 0.61504 0.563 0.58394 0.58996 0.56329 0.49423 0.53182 0.57909 0.52581 0.57612 0.57203 0.57571 0.55213 0.52845 0.56612 0.5185 0.54279 0.53552 0.50212 0.52542 0.57114 0.52127 0.53311 0.55459 0.56792 0.57982 0.58946 0.55298 0.56351 0.53978 0.56788 0.58764 0.53724 0.55231 0.51521 0.54116 0.57287 0.51903 0.55983 0.58243 0.58056 0.55091 0.55823 0.55295 0.5782 0.59614 0.60174 0.58737 0.53097 0.55835 0.53739 0.51491 0.51637 0.55082 0.60907 0.53305 0.54829 0.47175 0.55913 0.52166 0.57209 0.53363 0.51579 0.50008 0.54495 0.5198 0.53103 0.51803 0.5131 0.50658 0.51384 0.51267 0.52846 0.51851 0.53419 0.54941 0.5371 0.51304 0.55025 0.55942 0.57036 0.54769 0.5525 0.58643 0.5558 0.56642 0.53043 0.56462 0.52008 0.5254 0.52829 0.54417 0.52985 0.53794 0.53092 0.55523 0.52625 0.51363 0.53344 0.52738 0.53496 0.56362 0.53888 0.57489 0.56804 0.57174 0.5617 0.55554 0.53144 0.53047 0.53715 0.55669 0.56819 0.59587 0.52647 0.57979 0.5841 0.50105 0.50644 0.51348 0.55829 0.53076 0.53917 0.50547 0.56735 0.57877 0.55115 0.57225 0.53186 0.54671 0.54506 0.56165 0.53006 0.54127 0.5331 0.56782 0.55967 0.53043 0.56466 0.54443 0.54751 0.53348 0.54202 0.54768 0.57436 0.54388 0.55708 0.5719 0.54698 0.5657 0.5538 0.55539 0.55328 0.55906 0.54326 0.55307 0.54602 0.56798 0.56464 0.55545 0.53936 0.55249 0.55005 0.56096 0.54087 0.51822 0.53707 0.54792 0.55878 0.55988 0.53129 0.54444 0.55343 0.53169 0.51426 0.52015 0.55474 0.51017 0.51568 0.52092 0.53964 0.55175 0.53395 0.523 0.53656 0.5653 0.60232 0.58136 0.58655 0.57505 0.56854 0.5449 0.53778
Msr.barke2          0.2939 0.29073 0.24939 0.26309 0.228 0.22589 0.25729 0 0.16237 0.29801 0.35571 0.32945 0.24434 0.2817 0.30599 0.31289 0.34686 0.31986 0.32784 0.35464 0.35869 0.49464 0.44656 0.46979 0.49246 0.59705 0.55924 0.54051 0.56271 0.54094 0.50516 0.52224 0.54579 0.51349 0.5134 0.5572 0.54716 0.54545 0.53201 0.54664 0.508 0.50792 0.5171 0.48019 0.49235 0.53364 0.49849 0.5186 0.56522 0.55315 0.57506 0.56332 0.56795 0.56134 0.53176 0.57126 0.5383 0.54046 0.54575 0.49866 0.524 0.57752 0.48607 0.56958 0.55937 0.57727 0.54676 0.55105 0.57223 0.57492 0.5734 0.56785 0.57349 0.51567 0.53944 0.53025 0.52723 0.51267 0.57756 0.58122 0.5216 0.53316 0.47056 0.59086 0.48769 0.53776 0.5471 0.51597 0.49928 0.54552 0.5192 0.51372 0.52647 0.52578 0.54596 0.52134 0.53118 0.53393 0.47915 0.55902 0.57185 0.57491 0.49965 0.56714 0.57836 0.56337 0.56927 0.56146 0.57318 0.57308 0.54474 0.55876 0.57614 0.51918 0.50273 0.51498 0.52099 0.50416 0.55934 0.54232 0.53036 0.53968 0.51561 0.52167 0.54021 0.54486 0.55487 0.53336 0.55806 0.56759 0.54475 0.58985 0.55394 0.52035 0.48451 0.49697 0.558 0.57631 0.62815 0.51331 0.54056 0.55112 0.46885 0.49369 0.47885 0.50379 0.49302 0.50915 0.49562 0.56212 0.61508 0.55024 0.53975 0.5005 0.51032 0.5047 0.51474 0.50464 0.49964 0.49471 0.50731 0.51044 0.49145 0.49841 0.52988 0.49744 0.49868 0.49531 0.50478 0.5133 0.49507 0.53448 0.51013 0.49371 0.54075 0.48798 0.50808 0.49366 0.51862 0.49003 0.49314 0.48942 0.51687 0.51853 0.52318 0.49674 0.50969 0.5095 0.5154 0.54346 0.50641 0.51539 0.54289 0.5647 0.52605 0.54298 0.51793 0.51662 0.51311 0.52372 0.49989 0.54056 0.51348 0.50787 0.5033 0.54204 0.52281 0.53471 0.51714 0.54403 0.5251 0.57179 0.54251 0.57491 0.55069 0.56692 0.54438 0.54793
Mst.conci6          0.30806 0.30782 0.26357 0.24111 0.21477 0.20372 0.26048 0.16237 0 0.26149 0.31732 0.30115 0.24327 0.27397 0.29779 0.30512 0.33607 0.32522 0.34043 0.33716 0.36303 0.47432 0.43456 0.45173 0.47848 0.57918 0.53179 0.50453 0.53783 0.53075 0.47969 0.51037 0.52158 0.49037 0.51208 0.52755 0.52587 0.49783 0.48659 0.48658 0.49314 0.50329 0.48472 0.45074 0.4722 0.50629 0.46735 0.50069 0.51783 0.5293 0.53844 0.53274 0.52081 0.53703 0.5016 0.51818 0.53327 0.48179 0.49464 0.48449 0.49425 0.54753 0.50056 0.52522 0.52488 0.538 0.55505 0.50541 0.5189 0.51616 0.52045 0.50938 0.52151 0.49246 0.51102 0.47469 0.48426 0.47442 0.55799 0.55721 0.47321 0.50797 0.46727 0.57686 0.49351 0.5277 0.5186 0.50826 0.46252 0.53671 0.50566 0.48538 0.51188 0.5013 0.52787 0.48409 0.4997 0.5215 0.46103 0.53132 0.55596 0.52582 0.49218 0.53598 0.54779 0.54493 0.53153 0.5339 0.54638 0.54281 0.52037 0.49787 0.54714 0.50384 0.49649 0.5058 0.49792 0.49766 0.5231 0.51651 0.49485 0.51611 0.48122 0.49886 0.50953 0.52572 0.53147 0.50434 0.53862 0.51289 0.54287 0.55741 0.50822 0.47917 0.46958 0.48308 0.54313 0.55586 0.5859 0.47064 0.52563 0.52358 0.48156 0.49718 0.47485 0.50361 0.49355 0.47886 0.50027 0.53918 0.58346 0.51468 0.53585 0.45181 0.50607 0.49234 0.51082 0.48655 0.47671 0.4746 0.47543 0.49541 0.46987 0.49366 0.49181 0.47273 0.47776 0.47512 0.48865 0.46712 0.47657 0.51234 0.50448 0.49309 0.50592 0.49504 0.4786 0.50079 0.50627 0.47458 0.47791 0.46661 0.49171 0.48752 0.48286 0.4774 0.48397 0.49745 0.48523 0.50207 0.47935 0.50297 0.51234 0.53636 0.51517 0.50767 0.49571 0.52104 0.48477 0.49803 0.46855 0.51941 0.49274 0.48446 0.48241 0.51078 0.48887 0.50454 0.49821 0.51341 0.48778 0.55014 0.5438 0.53006 0.51541 0.56633 0.52414 0.51602
Hb.halobiu          0.29311 0.33227 0.26525 0.27319 0.27303 0.25009 0.29531 0.29801 0.26149 0 0.34215 0.33129 0.28858 0.28013 0.32052 0.34889 0.39078 0.33676 0.34312 0.37257 0.38165 0.49764 0.45194 0.47677 0.47618 0.58829 0.52878 0.53404 0.56964 0.5623 0.50012 0.52949 0.5178 0.51935 0.54493 0.52345 0.55238 0.52553 0.53194 0.57241 0.50227 0.52344 0.55379 0.47301 0.50195 0.5595 0.50495 0.50687 0.52065 0.52213 0.55127 0.55183 0.53977 0.55756 0.50512 0.51895 0.55892 0.54596 0.5 0.5035 0.55437 0.54761 0.51745 0.56591 0.54386 0.54782 0.5501 0.51689 0.54066 0.5582 0.56233 0.54542 0.54057 0.47172 0.49718 0.46592 0.48623 0.48048 0.57995 0.57194 0.51419 0.51977 0.47165 0.59799 0.50129 0.54657 0.49206 0.52813 0.4798 0.54077 0.52034 0.49472 0.49748 0.49557 0.52219 0.47974 0.48987 0.54114 0.47055 0.50813 0.535 0.51538 0.49476 0.53182 0.54594 0.55778 0.54489 0.5419 0.5398 0.53555 0.51289 0.50171 0.53966 0.49385 0.50083 0.50936 0.49646 0.5243 0.50957 0.51122 0.48426 0.5059 0.48467 0.49433 0.48875 0.50371 0.51432 0.48113 0.56233 0.5247 0.5479 0.56985 0.52387 0.52164 0.50587 0.50127 0.56458 0.57518 0.60139 0.5365 0.52945 0.57294 0.51752 0.505 0.48447 0.54164 0.53089 0.51288 0.55329 0.55026 0.57339 0.52016 0.54819 0.49152 0.49196 0.51256 0.52597 0.52604 0.50753 0.49022 0.4919 0.49972 0.50691 0.51542 0.5138 0.51599 0.51068 0.50235 0.52771 0.51669 0.50424 0.53689 0.51962 0.51731 0.50282 0.50278 0.51649 0.51285 0.51006 0.50282 0.48884 0.49051 0.52048 0.51015 0.51254 0.5192 0.50176 0.528 0.51467 0.53614 0.491 0.50518 0.52051 0.54316 0.51408 0.49671 0.49048 0.51809 0.49926 0.49737 0.49508 0.51144 0.48409 0.49559 0.48784 0.52019 0.50187 0.49575 0.49976 0.52045 0.50717 0.57369 0.58323 0.56618 0.55371 0.57283 0.54868 0.53053
Pph.oshima          0.28781 0.32023 0.30042 0.29864 0.33103 0.33 0.34801 0.35571 0.31732 0.34215 0 0.11023 0.30099 0.27943 0.34161 0.36229 0.40244 0.355 0.37227 0.38076 0.36618 0.48601 0.45058 0.49371 0.49136 0.60912 0.59526 0.54961 0.5646 0.55032 0.51449 0.56819 0.55915 0.54833 0.54049 0.5638 0.51696 0.54245 0.53231 0.57743 0.53284 0.54395 0.52947 0.48675 0.50542 0.53106 0.50517 0.5169 0.5635 0.55189 0.53788 0.56239 0.55911 0.58504 0.54085 0.55812 0.57139 0.53087 0.54871 0.51166 0.55757 0.58443 0.51413 0.53786 0.53777 0.56074 0.57544 0.52588 0.54528 0.5527 0.5465 0.55306 0.55176 0.48976 0.50136 0.47404 0.50553 0.49508 0.5698 0.56574 0.53709 0.54271 0.496 0.54711 0.50133 0.55576 0.52162 0.53913 0.51558 0.57424 0.552 0.53056 0.54301 0.53525 0.55778 0.52628 0.54129 0.54633 0.53984 0.55705 0.55889 0.55776 0.5099 0.57038 0.56732 0.56932 0.58731 0.55228 0.56336 0.56521 0.53098 0.53795 0.55909 0.52458 0.52272 0.53219 0.5391 0.54325 0.54843 0.51435 0.5371 0.55427 0.53182 0.53307 0.52232 0.53609 0.54358 0.52537 0.6188 0.56163 0.58169 0.603 0.54848 0.52557 0.5096 0.52807 0.54378 0.5727 0.56259 0.5201 0.51898 0.55067 0.54175 0.5171 0.48807 0.53125 0.53838 0.52004 0.54031 0.56041 0.56584 0.50813 0.53747 0.53178 0.52387 0.54108 0.557 0.53195 0.54549 0.52883 0.54058 0.52339 0.53452 0.53138 0.53464 0.55531 0.53849 0.53608 0.52937 0.53851 0.52779 0.54701 0.56572 0.54083 0.56136 0.51518 0.5364 0.54982 0.52315 0.52362 0.53157 0.51646 0.53201 0.52069 0.5338 0.52402 0.52197 0.52958 0.52931 0.57865 0.52406 0.52905 0.55537 0.56993 0.54523 0.53825 0.55984 0.5479 0.54136 0.56677 0.54566 0.56165 0.54541 0.55432 0.54822 0.55118 0.54457 0.54082 0.54231 0.55456 0.53541 0.61421 0.56025 0.57804 0.5322 0.59511 0.56316 0.5426
Tpl.acidop          0.30127 0.30929 0.27773 0.30291 0.35136 0.32993 0.35612 0.32945 0.30115 0.33129 0.11023 0 0.29134 0.27513 0.31869 0.3467 0.39486 0.34503 0.36 0.36136 0.35513 0.46309 0.44518 0.47415 0.48796 0.60258 0.59087 0.54075 0.55729 0.56505 0.51054 0.55725 0.55721 0.54902 0.53358 0.5679 0.52923 0.55168 0.54059 0.59011 0.50908 0.53027 0.51396 0.47269 0.51596 0.54378 0.50803 0.51153 0.55074 0.5594 0.54284 0.5573 0.52642 0.57099 0.51367 0.54362 0.54699 0.51125 0.54466 0.50211 0.54703 0.5638 0.50189 0.52565 0.53098 0.56591 0.56155 0.51676 0.53916 0.54168 0.55949 0.541 0.57052 0.48926 0.49613 0.47363 0.50311 0.48091 0.58676 0.56148 0.53408 0.53691 0.5035 0.53928 0.49524 0.56277 0.51812 0.52621 0.51167 0.57671 0.54517 0.51914 0.53584 0.52707 0.54972 0.5318 0.53899 0.55532 0.53793 0.54943 0.56672 0.53698 0.50211 0.55485 0.57725 0.56854 0.56938 0.54366 0.56308 0.56929 0.52029 0.52989 0.56061 0.519 0.52453 0.52964 0.52147 0.55076 0.54263 0.5097 0.51689 0.55297 0.51184 0.52772 0.50635 0.5217 0.52687 0.51118 0.58702 0.54191 0.57846 0.58107 0.52123 0.52377 0.51104 0.51275 0.54061 0.55538 0.52294 0.50927 0.51184 0.56404 0.52882 0.51105 0.48938 0.53646 0.53396 0.50805 0.52783 0.5659 0.57077 0.52028 0.53457 0.51475 0.53611 0.53031 0.54547 0.52213 0.53987 0.52578 0.53144 0.52603 0.53135 0.5302 0.52995 0.53152 0.5378 0.53061 0.53051 0.53328 0.52449 0.54495 0.55024 0.53457 0.56301 0.52523 0.52837 0.53212 0.50266 0.5162 0.52038 0.49933 0.52346 0.51794 0.52127 0.51592 0.51251 0.53424 0.51944 0.5597 0.48919 0.53246 0.54301 0.57748 0.51551 0.50974 0.54153 0.56729 0.53854 0.56232 0.53448 0.53927 0.53259 0.52888 0.53435 0.51722 0.52975 0.51179 0.51707 0.55181 0.51922 0.61251 0.58345 0.56914 0.52415 0.58209 0.56183 0.53501
Arg.fulgid          0.17999 0.2558 0.17848 0.24289 0.24024 0.24634 0.28511 0.24434 0.24327 0.28858 0.30099 0.29134 0 0.17528 0.1988 0.24036 0.27482 0.22984 0.23728 0.274 0.33705 0.41162 0.3559 0.43308 0.45745 0.52238 0.50002 0.44847 0.50846 0.51967 0.4264 0.50394 0.47906 0.48687 0.50742 0.51723 0.52369 0.50297 0.48236 0.5298 0.42839 0.46882 0.46189 0.42944 0.45972 0.468 0.43406 0.45818 0.51571 0.51935 0.53127 0.53636 0.52513 0.55213 0.50589 0.52161 0.54 0.48624 0.50044 0.4832 0.48314 0.53064 0.43538 0.56627 0.51095 0.53345 0.52183 0.48217 0.54166 0.50842 0.52573 0.51879 0.54228 0.43044 0.44937 0.46147 0.45418 0.4193 0.51375 0.55712 0.44831 0.44802 0.43593 0.53177 0.45044 0.48745 0.45889 0.43535 0.43305 0.5154 0.48271 0.47083 0.44259 0.44621 0.4708 0.44703 0.45855 0.45117 0.41748 0.48036 0.51981 0.50125 0.44369 0.52066 0.53157 0.52114 0.49765 0.49821 0.52707 0.49908 0.47756 0.47856 0.53524 0.45165 0.46572 0.47245 0.47769 0.4899 0.50857 0.48472 0.48164 0.48255 0.44294 0.48332 0.44119 0.47306 0.5006 0.46497 0.50863 0.48915 0.49628 0.52582 0.47393 0.46514 0.45016 0.45167 0.49509 0.56578 0.58802 0.4862 0.49907 0.49248 0.42496 0.44946 0.43567 0.4599 0.4693 0.46776 0.47864 0.51932 0.55364 0.44379 0.5371 0.40245 0.45182 0.45721 0.48101 0.46587 0.46375 0.43768 0.44585 0.47722 0.45669 0.46971 0.48149 0.46571 0.46514 0.47577 0.47451 0.46291 0.4564 0.5051 0.49841 0.48493 0.49574 0.45543 0.48711 0.48148 0.48883 0.42725 0.44313 0.43816 0.45862 0.46435 0.46911 0.4615 0.46765 0.49462 0.45096 0.47787 0.46271 0.45683 0.4525 0.49677 0.50063 0.48414 0.47363 0.44428 0.45495 0.46779 0.43879 0.48831 0.46856 0.45577 0.45038 0.48623 0.4827 0.4626 0.48029 0.49473 0.46977 0.52293 0.4814 0.50893 0.49953 0.55806 0.48083 0.48886
Tc.hythrml          0.16603 0.24354 0.15937 0.21728 0.28485 0.26791 0.3206 0.2817 0.27397 0.28013 0.27943 0.27513 0.17528 0 0.17565 0.20061 0.23049 0.19869 0.20803 0.26661 0.35552 0.38601 0.35134 0.40753 0.42552 0.51745 0.4962 0.44144 0.50941 0.50073 0.38758 0.49374 0.44709 0.45047 0.46157 0.49692 0.50441 0.49372 0.4723 0.52369 0.40967 0.46841 0.45185 0.42484 0.46562 0.4991 0.42182 0.47643 0.49715 0.50259 0.50934 0.51818 0.52222 0.53839 0.49518 0.51042 0.5256 0.49443 0.50547 0.44586 0.50351 0.52479 0.42987 0.52147 0.52154 0.50524 0.50463 0.45625 0.48906 0.52655 0.52848 0.5219 0.53567 0.42957 0.43709 0.44992 0.43118 0.41625 0.49026 0.56118 0.46695 0.47617 0.45069 0.53415 0.45553 0.493 0.45437 0.4501 0.44475 0.49164 0.46382 0.46419 0.46337 0.44894 0.47005 0.44344 0.45132 0.46551 0.43003 0.48936 0.49803 0.49795 0.44659 0.51263 0.52542 0.53346 0.49368 0.50673 0.53512 0.50691 0.49225 0.4944 0.53 0.47166 0.44913 0.47274 0.47002 0.49016 0.51727 0.4697 0.4891 0.4891 0.48394 0.49274 0.4748 0.50075 0.51636 0.46444 0.51952 0.51409 0.49763 0.53933 0.49145 0.47681 0.42381 0.43207 0.50783 0.54405 0.57406 0.46999 0.47571 0.49251 0.44865 0.46681 0.4573 0.46831 0.49023 0.46141 0.49354 0.50412 0.56182 0.45812 0.53502 0.42607 0.44954 0.45277 0.46526 0.45501 0.4623 0.4387 0.46136 0.45717 0.46347 0.45242 0.4798 0.45104 0.46515 0.45882 0.47388 0.4589 0.47293 0.48118 0.46892 0.46835 0.48348 0.4484 0.47411 0.47387 0.47183 0.44214 0.4509 0.43897 0.4554 0.46301 0.47516 0.45797 0.45814 0.47751 0.44931 0.46984 0.43554 0.44357 0.44922 0.50355 0.47399 0.4638 0.48169 0.42566 0.45518 0.4581 0.42913 0.48497 0.45522 0.43898 0.46135 0.47403 0.49375 0.45512 0.47906 0.48047 0.47636 0.53762 0.50634 0.5293 0.50558 0.5722 0.4759 0.47949
Mpy.kandl1          0.20086 0.26982 0.16705 0.24235 0.30848 0.28307 0.34125 0.30599 0.29779 0.32052 0.34161 0.31869 0.1988 0.17565 0 0.20218 0.24377 0.18232 0.21103 0.26533 0.35537 0.37323 0.33994 0.40233 0.41375 0.51149 0.46159 0.43102 0.50231 0.48154 0.38694 0.48549 0.43748 0.43394 0.46096 0.43771 0.4798 0.46373 0.443 0.48906 0.39158 0.43601 0.42706 0.40235 0.44236 0.4758 0.41681 0.45331 0.49724 0.5013 0.51789 0.5167 0.52588 0.53313 0.50225 0.5316 0.52764 0.47371 0.50131 0.45404 0.49275 0.52497 0.41203 0.51665 0.49179 0.50601 0.47774 0.44211 0.50033 0.51178 0.52563 0.51057 0.54967 0.42402 0.43585 0.44275 0.42626 0.41141 0.47976 0.54293 0.43521 0.45986 0.44202 0.49017 0.44669 0.47577 0.42957 0.41981 0.43671 0.47878 0.45438 0.44472 0.45339 0.42792 0.44838 0.44171 0.43551 0.44305 0.4262 0.46331 0.49698 0.4748 0.43036 0.51346 0.53937 0.52802 0.49554 0.50211 0.53175 0.51006 0.47355 0.49689 0.51916 0.47242 0.45421 0.47121 0.47262 0.48164 0.5065 0.47499 0.47779 0.49013 0.46695 0.50113 0.47022 0.49154 0.49071 0.47758 0.51389 0.50539 0.50653 0.553 0.49014 0.43951 0.41395 0.4255 0.46115 0.53039 0.555 0.46217 0.45972 0.46495 0.43742 0.43715 0.408 0.45405 0.45312 0.4545 0.46754 0.49306 0.56067 0.43977 0.52484 0.40221 0.40573 0.45057 0.44899 0.44153 0.45671 0.43799 0.45645 0.45697 0.45115 0.4519 0.46674 0.45359 0.46027 0.47545 0.45724 0.46564 0.45633 0.49119 0.47007 0.46932 0.48622 0.45069 0.46595 0.48098 0.45818 0.41982 0.43288 0.42204 0.4559 0.44786 0.46082 0.46109 0.45159 0.49032 0.45547 0.47352 0.42263 0.45786 0.43417 0.47505 0.48824 0.44974 0.45658 0.39874 0.42772 0.45154 0.42284 0.46804 0.45139 0.42575 0.44209 0.46308 0.46822 0.43572 0.45858 0.47756 0.46759 0.53193 0.46202 0.5025 0.50141 0.55163 0.45928 0.4524
Tmf.penden          0.23038 0.30225 0.21137 0.26816 0.33707 0.3242 0.38005 0.31289 0.30512 0.34889 0.36229 0.3467 0.24036 0.20061 0.20218 0 0.13874 0.1302 0.15538 0.17344 0.30515 0.40668 0.37639 0.40461 0.44622 0.52646 0.48764 0.44493 0.50521 0.4929 0.3961 0.48218 0.44709 0.43347 0.46717 0.50572 0.50793 0.5067 0.48328 0.51706 0.40669 0.47102 0.44342 0.43528 0.46053 0.49743 0.4527 0.49019 0.5021 0.52363 0.52724 0.52816 0.50758 0.53272 0.50985 0.50855 0.51998 0.493 0.52604 0.4581 0.48497 0.54279 0.43882 0.49864 0.49696 0.4918 0.52886 0.46059 0.49711 0.52718 0.54637 0.53211 0.53759 0.42606 0.43017 0.44898 0.43803 0.42205 0.52035 0.54732 0.46434 0.48058 0.43963 0.52477 0.45203 0.50099 0.45359 0.46279 0.43644 0.49292 0.46228 0.45048 0.46458 0.45107 0.47286 0.44401 0.4554 0.45119 0.43258 0.48721 0.50857 0.49957 0.45357 0.51909 0.53998 0.52089 0.48667 0.50282 0.53821 0.50448 0.50223 0.48528 0.51649 0.49421 0.46127 0.50756 0.485 0.50114 0.54235 0.48203 0.49652 0.51604 0.48573 0.52412 0.47173 0.50492 0.51258 0.48282 0.51105 0.52703 0.51563 0.55733 0.5154 0.478 0.45845 0.46135 0.4969 0.52052 0.54946 0.46362 0.45991 0.48932 0.4729 0.48366 0.46865 0.47378 0.49064 0.48145 0.52112 0.49778 0.5536 0.46298 0.52689 0.42403 0.43535 0.45607 0.47759 0.46768 0.46613 0.45124 0.46329 0.46209 0.44918 0.4485 0.48333 0.44094 0.46042 0.46458 0.46352 0.45731 0.4673 0.4797 0.46089 0.47556 0.46409 0.45527 0.47583 0.50273 0.45961 0.43895 0.43636 0.43231 0.46092 0.46754 0.48272 0.45401 0.46294 0.48422 0.45983 0.48609 0.44326 0.47708 0.47246 0.49768 0.509 0.48226 0.47638 0.45739 0.45195 0.45521 0.42804 0.47275 0.4569 0.43818 0.45242 0.46771 0.47707 0.45928 0.45915 0.47803 0.47371 0.5181 0.50641 0.51745 0.47918 0.55797 0.48503 0.48028
Thp.neutro          0.25273 0.3545 0.24574 0.31543 0.36875 0.3601 0.3892 0.34686 0.33607 0.39078 0.40244 0.39486 0.27482 0.23049 0.24377 0.13874 0 0.14495 0.17309 0.19855 0.34314 0.40796 0.38267 0.41925 0.47017 0.52839 0.47477 0.45714 0.50664 0.49679 0.39813 0.47799 0.45605 0.4358 0.46069 0.47479 0.48738 0.46723 0.46723 0.49833 0.43226 0.48682 0.44289 0.46117 0.4742 0.5071 0.46077 0.51483 0.5173 0.53564 0.53138 0.55009 0.53633 0.54851 0.53746 0.53092 0.51334 0.51718 0.52381 0.4714 0.50025 0.54746 0.46168 0.4984 0.5169 0.49661 0.53414 0.48021 0.50171 0.50835 0.51025 0.5223 0.52456 0.4441 0.45954 0.47252 0.4495 0.43769 0.49827 0.55623 0.51772 0.48702 0.44501 0.55722 0.4857 0.51924 0.46987 0.45547 0.43991 0.4904 0.44593 0.45971 0.45101 0.4493 0.45832 0.45455 0.46021 0.45933 0.43949 0.49926 0.51205 0.53697 0.44964 0.52137 0.52983 0.49808 0.47938 0.49405 0.52414 0.49483 0.48718 0.48653 0.49982 0.47546 0.46306 0.47904 0.49403 0.52167 0.51028 0.48882 0.49896 0.50403 0.47099 0.50545 0.49086 0.50486 0.53856 0.49713 0.51239 0.52547 0.50999 0.55362 0.50708 0.48879 0.4494 0.46919 0.51091 0.54267 0.57603 0.47633 0.45485 0.50285 0.46716 0.49152 0.495 0.48395 0.49977 0.48994 0.52092 0.51905 0.54698 0.47404 0.55837 0.44747 0.41025 0.45416 0.47449 0.47442 0.46476 0.45371 0.46551 0.47828 0.46108 0.45896 0.48705 0.46513 0.47835 0.46897 0.47765 0.48133 0.49543 0.48655 0.48855 0.48992 0.49257 0.4685 0.49697 0.50218 0.49219 0.45024 0.45419 0.46183 0.47928 0.47165 0.4879 0.45696 0.47965 0.4901 0.46499 0.50292 0.45642 0.4978 0.47646 0.51572 0.53377 0.5153 0.52575 0.4645 0.47225 0.48706 0.46678 0.52363 0.49123 0.46497 0.4817 0.51461 0.50021 0.50316 0.50334 0.51874 0.51018 0.53277 0.49025 0.5345 0.49854 0.55292 0.45829 0.48674
Pyr.occult          0.2237 0.29931 0.21356 0.27952 0.35047 0.32402 0.36332 0.31986 0.32522 0.33676 0.355 0.34503 0.22984 0.19869 0.18232 0.1302 0.14495 0 0.085017 0.14025 0.2971 0.38081 0.34584 0.40513 0.43144 0.51532 0.47068 0.41098 0.49985 0.47177 0.38182 0.46053 0.44405 0.44146 0.46359 0.46256 0.4909 0.46073 0.44408 0.49559 0.39543 0.46893 0.45427 0.43577 0.46552 0.4884 0.44021 0.48644 0.53794 0.54376 0.53956 0.54847 0.55721 0.56446 0.53978 0.54558 0.53878 0.50845 0.51325 0.47356 0.5083 0.5407 0.43788 0.49885 0.48853 0.49791 0.51976 0.43291 0.48537 0.52033 0.53488 0.5269 0.53949 0.41874 0.42974 0.45084 0.428 0.41696 0.498 0.54195 0.47643 0.45748 0.4414 0.51472 0.45092 0.49007 0.42756 0.45114 0.44116 0.50054 0.46791 0.45368 0.46339 0.44438 0.46607 0.4404 0.4476 0.44586 0.43527 0.46972 0.52444 0.51502 0.45343 0.5048 0.53036 0.51608 0.47975 0.50233 0.52993 0.49796 0.48233 0.47964 0.50972 0.45965 0.44952 0.46713 0.47568 0.4903 0.51299 0.46131 0.47018 0.50924 0.4677 0.49292 0.46821 0.48056 0.51033 0.45489 0.5004 0.50403 0.49744 0.54684 0.49398 0.45862 0.45464 0.44466 0.4955 0.55032 0.55173 0.459 0.46069 0.47464 0.43907 0.46807 0.44177 0.44609 0.48594 0.46726 0.49108 0.48218 0.54951 0.44532 0.53536 0.40324 0.38698 0.44851 0.43882 0.43448 0.43002 0.42995 0.43617 0.42917 0.43176 0.4278 0.45173 0.43217 0.44452 0.44829 0.44751 0.44446 0.4523 0.46771 0.44775 0.46056 0.4602 0.42508 0.45844 0.48084 0.44044 0.41988 0.41637 0.42043 0.44547 0.44388 0.45536 0.43067 0.43706 0.46003 0.4339 0.49181 0.42304 0.46197 0.44725 0.49954 0.50425 0.45805 0.47186 0.41774 0.43056 0.45071 0.43169 0.46928 0.45648 0.43787 0.44209 0.47766 0.4624 0.44905 0.47192 0.47909 0.46945 0.52421 0.47739 0.50898 0.49739 0.54329 0.46971 0.46746
Dco.mobili          0.22879 0.29344 0.21627 0.28285 0.34506 0.32723 0.34728 0.32784 0.34043 0.34312 0.37227 0.36 0.23728 0.20803 0.21103 0.15538 0.17309 0.085017 0 0.15076 0.30394 0.41607 0.36894 0.43033 0.44687 0.52354 0.49917 0.42581 0.4999 0.50034 0.40128 0.46983 0.4592 0.46303 0.48359 0.49414 0.52598 0.50202 0.4795 0.51998 0.41432 0.48502 0.47671 0.45916 0.47984 0.4996 0.46647 0.47841 0.52993 0.54408 0.55761 0.55513 0.55996 0.57015 0.54435 0.54492 0.55058 0.51017 0.52542 0.4929 0.52658 0.54252 0.44148 0.51767 0.48354 0.53794 0.53116 0.46796 0.49289 0.51273 0.52369 0.52485 0.52957 0.41505 0.43422 0.43395 0.42253 0.40777 0.51886 0.54416 0.47129 0.46312 0.43095 0.53982 0.44923 0.4937 0.43602 0.46184 0.45628 0.4931 0.48258 0.4731 0.47441 0.46334 0.47317 0.45368 0.46035 0.45341 0.45237 0.47624 0.52225 0.51851 0.45857 0.51659 0.52951 0.51039 0.48903 0.49928 0.52143 0.49683 0.47669 0.47356 0.50556 0.45882 0.43586 0.47536 0.47219 0.48169 0.5077 0.46209 0.47914 0.49868 0.46174 0.50099 0.47182 0.48277 0.50783 0.45886 0.48926 0.51037 0.49711 0.53373 0.48228 0.47729 0.47186 0.47325 0.50032 0.54131 0.56161 0.49151 0.48423 0.48322 0.44743 0.47913 0.45277 0.4642 0.49496 0.47496 0.51318 0.48282 0.5466 0.4536 0.52561 0.40564 0.41847 0.46096 0.45559 0.4511 0.45643 0.45135 0.45297 0.45441 0.45572 0.45613 0.47073 0.45895 0.46342 0.46064 0.47734 0.46219 0.47415 0.48488 0.45996 0.48364 0.46707 0.44515 0.46883 0.49907 0.46137 0.44917 0.44665 0.45006 0.47445 0.46623 0.46654 0.46492 0.45493 0.47469 0.46179 0.49639 0.43287 0.48102 0.44919 0.50491 0.5196 0.46942 0.48136 0.43227 0.45329 0.47694 0.45957 0.49912 0.48192 0.46817 0.46634 0.51123 0.48365 0.46773 0.4816 0.49699 0.48312 0.51266 0.50091 0.51221 0.50052 0.56097 0.46289 0.49099
Sul.solfa4          0.26588 0.31427 0.26197 0.29984 0.36105 0.33913 0.39223 0.35464 0.33716 0.37257 0.38076 0.36136 0.274 0.26661 0.26533 0.17344 0.19855 0.14025 0.15076 0 0.32657 0.40845 0.41308 0.4529 0.47283 0.54089 0.50691 0.48378 0.50339 0.48897 0.41528 0.49157 0.48078 0.47979 0.50069 0.55587 0.5303 0.51212 0.48357 0.52108 0.42573 0.48834 0.47242 0.46619 0.47847 0.50002 0.45816 0.50308 0.54226 0.54108 0.57304 0.58046 0.55919 0.58169 0.55417 0.55316 0.56046 0.5137 0.53602 0.50194 0.55092 0.57964 0.47026 0.51063 0.50877 0.52029 0.54696 0.4736 0.49774 0.53443 0.5672 0.55907 0.56663 0.44492 0.45147 0.45938 0.45197 0.43417 0.53059 0.54021 0.49525 0.47812 0.47807 0.55495 0.46836 0.5291 0.4655 0.48206 0.44458 0.51742 0.47165 0.47647 0.46672 0.45273 0.4706 0.44495 0.47173 0.46573 0.45404 0.49189 0.55872 0.53152 0.45831 0.53114 0.5486 0.54228 0.53336 0.54043 0.5592 0.54206 0.52316 0.52111 0.5439 0.49088 0.48593 0.48291 0.51868 0.52294 0.54371 0.4823 0.51603 0.55528 0.48871 0.52514 0.48422 0.50999 0.52811 0.49444 0.53435 0.52851 0.53907 0.58772 0.52519 0.48992 0.49534 0.48268 0.50808 0.53144 0.54925 0.48764 0.47586 0.52364 0.47976 0.51627 0.48028 0.49437 0.51613 0.50307 0.51562 0.52574 0.56506 0.47268 0.55452 0.44433 0.43251 0.49469 0.48574 0.46915 0.47035 0.45932 0.46804 0.4778 0.46481 0.46817 0.49431 0.46856 0.47579 0.48617 0.48756 0.48507 0.48676 0.49814 0.4856 0.50503 0.49733 0.46972 0.49511 0.51289 0.46644 0.4551 0.46214 0.45437 0.47403 0.46332 0.47749 0.45931 0.45801 0.49512 0.45871 0.50072 0.43574 0.48374 0.50232 0.50508 0.50637 0.484 0.47825 0.47563 0.48061 0.47564 0.46964 0.51107 0.4877 0.47774 0.46732 0.51217 0.50067 0.47249 0.48218 0.49179 0.50176 0.55031 0.52052 0.54998 0.52543 0.5651 0.49497 0.47317
env.4B7          0.34894 0.35583 0.32308 0.34498 0.37731 0.37079 0.37078 0.35869 0.36303 0.38165 0.36618 0.35513 0.33705 0.35552 0.35537 0.30515 0.34314 0.2971 0.30394 0.32657 0 0.49657 0.50569 0.49124 0.53691 0.59735 0.56895 0.5756 0.53354 0.60946 0.52841 0.57283 0.57972 0.54948 0.5444 0.53053 0.5323 0.54091 0.52932 0.55514 0.51628 0.52295 0.52517 0.49291 0.50068 0.55647 0.52055 0.51527 0.53555 0.55991 0.58625 0.57334 0.56839 0.55415 0.53685 0.54381 0.55746 0.52249 0.51859 0.49638 0.55141 0.57116 0.52148 0.56073 0.51155 0.54671 0.56685 0.55386 0.51234 0.53233 0.53601 0.53521 0.54396 0.46173 0.47455 0.46291 0.47155 0.46873 0.5598 0.57983 0.51138 0.56063 0.5005 0.56705 0.53266 0.55593 0.49477 0.51502 0.47536 0.5278 0.49428 0.48246 0.50971 0.49761 0.50749 0.476 0.49059 0.48596 0.48019 0.52653 0.53912 0.50755 0.50481 0.55497 0.54515 0.56362 0.57274 0.55104 0.57518 0.54743 0.52499 0.52991 0.54686 0.48893 0.49513 0.52077 0.52276 0.51817 0.55308 0.48713 0.50446 0.52218 0.52394 0.52444 0.50445 0.52461 0.51513 0.48532 0.55262 0.54299 0.55864 0.56441 0.55123 0.52499 0.53835 0.50927 0.55481 0.56543 0.5723 0.50161 0.53024 0.55285 0.54436 0.54054 0.50181 0.55514 0.56272 0.53082 0.53224 0.52029 0.51499 0.4983 0.54148 0.53703 0.58262 0.55423 0.55201 0.54113 0.53198 0.54449 0.53878 0.54174 0.537 0.54913 0.51769 0.53866 0.51856 0.53781 0.53851 0.55693 0.53243 0.57242 0.5557 0.5293 0.55309 0.52352 0.54325 0.56469 0.54636 0.54055 0.54187 0.54176 0.54352 0.53845 0.55154 0.54071 0.5329 0.53845 0.53379 0.5648 0.50744 0.52965 0.53435 0.56299 0.54453 0.52505 0.53269 0.552 0.51907 0.53642 0.5303 0.5273 0.5164 0.52892 0.51545 0.53656 0.50234 0.50463 0.5055 0.53133 0.51418 0.56618 0.55159 0.54588 0.51006 0.53903 0.51342 0.51331
Aqu.pyroph          0.39803 0.46014 0.36102 0.44088 0.51158 0.49369 0.52322 0.49464 0.47432 0.49764 0.48601 0.46309 0.41162 0.38601 0.37323 0.40668 0.40796 0.38081 0.41607 0.40845 0.49657 0 0.25903 0.30792 0.31146 0.37827 0.33629 0.32769 0.36384 0.39247 0.27975 0.374 0.34766 0.35192 0.36785 0.39385 0.34858 0.34925 0.33908 0.38918 0.30399 0.3364 0.26864 0.30451 0.33505 0.36591 0.30492 0.35403 0.41051 0.43818 0.42485 0.41699 0.43448 0.43917 0.42318 0.43227 0.4313 0.41064 0.4115 0.36395 0.39788 0.44637 0.31626 0.39919 0.35615 0.36012 0.40801 0.37047 0.4327 0.40169 0.40792 0.40968 0.4161 0.31843 0.33468 0.34626 0.32583 0.30901 0.35815 0.39408 0.34039 0.35302 0.33101 0.38204 0.37788 0.37869 0.30697 0.32117 0.31163 0.37729 0.34695 0.33682 0.32865 0.332 0.34354 0.32432 0.34284 0.33525 0.3292 0.35974 0.38469 0.38285 0.33838 0.37432 0.41418 0.36245 0.35559 0.3653 0.36613 0.35838 0.34325 0.35356 0.3657 0.31633 0.32465 0.33121 0.33162 0.37525 0.3524 0.34196 0.35936 0.3548 0.32555 0.34012 0.35014 0.34936 0.36359 0.35615 0.36386 0.36995 0.36427 0.39062 0.36718 0.31689 0.32025 0.31259 0.35238 0.40919 0.43355 0.33737 0.32379 0.34886 0.32262 0.32926 0.30857 0.31949 0.33813 0.31816 0.35681 0.37652 0.41417 0.31986 0.39525 0.29101 0.31267 0.29696 0.29758 0.29363 0.29639 0.28457 0.30171 0.3144 0.29895 0.29898 0.34017 0.3001 0.30407 0.3094 0.32311 0.34306 0.32184 0.31951 0.35291 0.3357 0.36374 0.30472 0.32402 0.31575 0.31725 0.29405 0.30426 0.29328 0.3112 0.31287 0.32847 0.32312 0.30269 0.33526 0.31837 0.3647 0.3252 0.34142 0.31736 0.35616 0.35778 0.35975 0.38139 0.32965 0.35737 0.3479 0.30976 0.35835 0.33882 0.31722 0.3503 0.32477 0.35722 0.33732 0.34666 0.35735 0.34328 0.39263 0.38215 0.37984 0.37561 0.41322 0.3366 0.32665
Tt.maritim          0.36998 0.43951 0.35999 0.41364 0.46681 0.43537 0.4901 0.44656 0.43456 0.45194 0.45058 0.44518 0.3559 0.35134 0.33994 0.37639 0.38267 0.34584 0.36894 0.41308 0.50569 0.25903 0 0.24 0.23669 0.35414 0.33011 0.25296 0.29004 0.37638 0.23495 0.30885 0.26225 0.29817 0.326 0.3404 0.32177 0.33318 0.33741 0.36806 0.22773 0.27521 0.247 0.26945 0.29588 0.32617 0.27743 0.31887 0.35025 0.36629 0.36663 0.36777 0.36884 0.40097 0.37187 0.39202 0.37389 0.38093 0.35819 0.3352 0.3248 0.38998 0.27541 0.35737 0.31488 0.31612 0.35702 0.31098 0.40518 0.34514 0.36656 0.35865 0.35037 0.2739 0.2793 0.29745 0.27954 0.25726 0.32831 0.37812 0.3245 0.3072 0.28865 0.32693 0.29648 0.30108 0.28081 0.27028 0.3072 0.32338 0.31296 0.30629 0.29285 0.29744 0.30273 0.28444 0.30121 0.29649 0.29335 0.30938 0.32921 0.31473 0.29153 0.31795 0.32411 0.31327 0.29538 0.3102 0.30543 0.31116 0.2876 0.29993 0.33779 0.28892 0.28306 0.27216 0.30742 0.31389 0.30075 0.29344 0.32008 0.315 0.26362 0.31758 0.28372 0.30718 0.31715 0.2992 0.32773 0.33414 0.31668 0.35627 0.33342 0.28459 0.3015 0.28792 0.34307 0.43328 0.44421 0.31027 0.30485 0.3052 0.29384 0.30982 0.27552 0.29914 0.28941 0.28769 0.34085 0.32649 0.33969 0.29139 0.31907 0.232 0.25409 0.25778 0.29067 0.25707 0.27171 0.25534 0.26412 0.28847 0.27191 0.27756 0.29215 0.26143 0.27226 0.29001 0.28345 0.28957 0.27998 0.30102 0.30389 0.29658 0.31019 0.26653 0.29087 0.28101 0.31015 0.24495 0.26396 0.25226 0.2733 0.27594 0.28454 0.29376 0.27278 0.28281 0.28564 0.28836 0.25638 0.30617 0.28369 0.29623 0.32725 0.29863 0.31602 0.26643 0.28701 0.29087 0.26758 0.30505 0.28818 0.27977 0.29322 0.30327 0.31068 0.29374 0.30238 0.29154 0.29696 0.3517 0.3047 0.31682 0.3311 0.3808 0.28124 0.27913
