74
AB006953   0.000000 0.574529 0.333123 0.236395 0.342301 0.366772 0.368995 0.196081 0.430840 0.409299 0.412302 0.584505 0.516189 0.412576 0.371734 0.376869 0.381582 0.394584 0.379209 0.249553 0.149246 0.145245 0.452146 0.398715 0.417944 0.427610 0.451256 0.417659 0.459572 0.456126 0.463462 0.465631 0.455267 0.408617 0.149459 0.318569 0.304646 0.113830 0.447446 0.144938 0.417926 0.280987 0.245890 0.412987 0.437968 0.369234 0.031631 0.406579 0.415865 0.416689 0.409027 0.408071 0.405891 0.483830 0.458278 0.410936 0.406575 0.456987 0.198085 0.415453 0.401679 0.416560 0.371642 0.487592 0.248300 0.584010 0.383668 0.484044 0.223635 0.413673 0.377902 0.441922 0.410254 0.410937 
AB008539   0.574529 0.000000 0.565694 0.569755 0.548610 0.566183 0.567162 0.595732 0.614161 0.604237 0.604237 0.736012 0.660874 0.609351 0.574538 0.568984 0.581042 0.576661 0.582967 0.578545 0.574597 0.576569 0.633925 0.595997 0.599886 0.604183 0.607479 0.603619 0.622449 0.622969 0.626620 0.617260 0.625054 0.602427 0.579618 0.593660 0.598362 0.592995 0.607584 0.574597 0.604747 0.590026 0.575526 0.609864 0.620416 0.575032 0.581172 0.598194 0.610377 0.609864 0.601238 0.590224 0.606350 0.628671 0.621929 0.585053 0.591794 0.619851 0.607387 0.587555 0.589881 0.604075 0.575601 0.613427 0.572909 0.734834 0.592357 0.610557 0.570735 0.599828 0.586241 0.606561 0.590567 0.600507 
AB012104   0.333123 0.565694 0.000000 0.344793 0.325258 0.315143 0.316520 0.357657 0.438515 0.418054 0.423286 0.623076 0.406845 0.419704 0.158908 0.326545 0.329266 0.343280 0.358544 0.355231 0.343763 0.344523 0.454647 0.416684 0.415457 0.429249 0.452044 0.431918 0.450063 0.451770 0.456481 0.453909 0.455194 0.418606 0.345725 0.387105 0.357295 0.349097 0.473471 0.341865 0.426334 0.375063 0.353335 0.415584 0.449516 0.323870 0.341921 0.420803 0.418466 0.419291 0.420390 0.419712 0.409844 0.476384 0.448784 0.409028 0.416134 0.458630 0.367077 0.414762 0.401553 0.413671 0.325824 0.454170 0.351281 0.622560 0.333275 0.482156 0.337217 0.426620 0.341215 0.475228 0.424399 0.410527 
AB015962   0.236395 0.569755 0.344793 0.000000 0.350627 0.383188 0.385443 0.276976 0.419586 0.405629 0.418879 0.595806 0.520962 0.419571 0.381876 0.386654 0.397031 0.402530 0.398640 0.167474 0.234833 0.235845 0.440204 0.400749 0.413402 0.428847 0.448237 0.417241 0.455660 0.453516 0.459101 0.460826 0.454802 0.402511 0.237213 0.324103 0.325502 0.251845 0.467918 0.231802 0.416272 0.311266 0.271663 0.406036 0.437524 0.385298 0.243934 0.407397 0.417096 0.414627 0.409845 0.410527 0.403045 0.481558 0.455231 0.406036 0.407802 0.456519 0.280948 0.412985 0.396421 0.412441 0.384723 0.492802 0.096326 0.595305 0.393134 0.491086 0.110678 0.410800 0.390892 0.461847 0.410663 0.417107 
AB016606   0.342301 0.548610 0.325258 0.350627 0.000000 0.358388 0.360709 0.343602 0.437168 0.409025 0.414496 0.613309 0.505338 0.422628 0.356688 0.367857 0.365638 0.380099 0.389007 0.359085 0.335546 0.336677 0.448756 0.403580 0.421684 0.416421 0.460750 0.415326 0.468884 0.469321 0.469757 0.477647 0.468448 0.409570 0.335218 0.383668 0.360554 0.346918 0.483401 0.332912 0.419726 0.371372 0.347314 0.412716 0.451597 0.364825 0.348509 0.419172 0.413949 0.412305 0.421657 0.416425 0.403161 0.472869 0.468012 0.415596 0.416560 0.467141 0.354419 0.414360 0.400444 0.412033 0.356679 0.494248 0.356771 0.613309 0.371825 0.486936 0.344143 0.417799 0.376597 0.478973 0.408207 0.409295 
AB026193   0.366772 0.566183 0.315143 0.383188 0.358388 0.000000 0.010357 0.391547 0.463318 0.443769 0.450006 0.630297 0.496042 0.446746 0.351460 0.139439 0.137034 0.175220 0.198493 0.388626 0.372427 0.373603 0.476217 0.434345 0.448819 0.454015 0.480676 0.452917 0.479576 0.476932 0.484885 0.478694 0.479576 0.442645 0.376965 0.417642 0.385325 0.372819 0.496185 0.373603 0.448451 0.405764 0.394454 0.446746 0.469806 0.149449 0.374332 0.443618 0.449426 0.451563 0.442769 0.440825 0.431584 0.482454 0.478253 0.435313 0.437990 0.481784 0.395684 0.441648 0.427391 0.439704 0.130678 0.471830 0.394350 0.630818 0.145559 0.496042 0.379900 0.432663 0.168006 0.494837 0.435881 0.430034 
AB026818   0.368995 0.567162 0.316520 0.385443 0.360709 0.010357 0.000000 0.393420 0.466202 0.446168 0.451136 0.633709 0.496766 0.448299 0.355189 0.140663 0.138255 0.177768 0.197517 0.392890 0.374659 0.376231 0.479576 0.437568 0.450378 0.455148 0.482275 0.456201 0.483387 0.479851 0.485604 0.480292 0.481617 0.444193 0.379209 0.420803 0.387595 0.374267 0.497361 0.375837 0.453002 0.407667 0.399964 0.450434 0.475338 0.150378 0.376571 0.447720 0.453551 0.454838 0.448146 0.446197 0.431858 0.483172 0.482059 0.437694 0.443344 0.482059 0.397564 0.445743 0.429340 0.444221 0.130678 0.474460 0.395826 0.634231 0.144018 0.499915 0.382939 0.436303 0.169583 0.496011 0.440801 0.431987 
AB028664   0.196081 0.595732 0.357657 0.276976 0.343602 0.391547 0.393420 0.000000 0.445317 0.432610 0.443264 0.588259 0.523174 0.441448 0.391276 0.393433 0.404295 0.414755 0.406728 0.292441 0.178695 0.174575 0.475670 0.422204 0.436450 0.450095 0.474687 0.438664 0.480617 0.478416 0.484151 0.487253 0.479296 0.429826 0.177682 0.339106 0.334348 0.211062 0.467804 0.176474 0.440603 0.307235 0.284310 0.436808 0.455971 0.390477 0.201014 0.424815 0.439313 0.439313 0.426477 0.428862 0.426229 0.502722 0.480617 0.432610 0.429826 0.485036 0.207781 0.435127 0.421525 0.432919 0.387541 0.508627 0.284409 0.587762 0.399569 0.509714 0.269517 0.438789 0.404972 0.460435 0.436114 0.434873 
AB042432   0.430840 0.614161 0.438515 0.419586 0.437168 0.463318 0.466202 0.445317 0.000000 0.269969 0.277642 0.647733 0.581515 0.282255 0.465471 0.468771 0.471005 0.484013 0.471881 0.433211 0.435861 0.437125 0.290562 0.259379 0.283301 0.291550 0.358042 0.256447 0.334850 0.336356 0.342026 0.346967 0.337488 0.274983 0.438561 0.471168 0.449188 0.435861 0.518754 0.433759 0.274461 0.447689 0.449215 0.272699 0.125471 0.467235 0.436029 0.298044 0.284035 0.284748 0.293710 0.275774 0.333005 0.377534 0.333722 0.271643 0.272783 0.334474 0.440228 0.270589 0.334890 0.286348 0.470206 0.543981 0.432500 0.646669 0.478697 0.375594 0.428732 0.287422 0.465607 0.520142 0.263668 0.341925 
AF010406   0.409299 0.604237 0.418054 0.405629 0.409025 0.443769 0.446168 0.432610 0.269969 0.000000 0.133759 0.644647 0.563664 0.185554 0.451463 0.449974 0.455578 0.464852 0.456008 0.417648 0.417508 0.417921 0.257945 0.207921 0.139410 0.260911 0.294695 0.226109 0.283860 0.283504 0.287785 0.305107 0.287785 0.064686 0.421789 0.452334 0.424895 0.419158 0.519678 0.415450 0.148448 0.440127 0.421383 0.141993 0.275352 0.448024 0.414769 0.154769 0.145369 0.147523 0.154148 0.127511 0.297690 0.327315 0.282437 0.146907 0.128647 0.290292 0.430662 0.142913 0.299960 0.216636 0.436919 0.528851 0.420398 0.643060 0.458357 0.319786 0.412985 0.218297 0.442619 0.524310 0.162475 0.317758 
AF034253   0.412302 0.604237 0.423286 0.418879 0.414496 0.450006 0.451136 0.443264 0.277642 0.133759 0.000000 0.646800 0.575885 0.193548 0.461606 0.452232 0.457143 0.466867 0.468401 0.424815 0.427582 0.427582 0.266219 0.218103 0.164515 0.257710 0.295685 0.230406 0.290561 0.291637 0.297759 0.314524 0.294153 0.134709 0.431081 0.456320 0.443575 0.420944 0.522546 0.425088 0.154592 0.453037 0.432773 0.160194 0.280574 0.454719 0.416962 0.165706 0.164260 0.167086 0.167594 0.142994 0.314945 0.334696 0.290561 0.158011 0.145061 0.297036 0.437502 0.153971 0.307889 0.222230 0.447779 0.541115 0.430919 0.645740 0.461932 0.328227 0.420944 0.218897 0.454838 0.526724 0.169969 0.325631 
AF035170   0.584505 0.736012 0.623076 0.595806 0.613309 0.630297 0.633709 0.588259 0.647733 0.644647 0.646800 0.000000 0.715546 0.646768 0.637936 0.623401 0.643445 0.640210 0.623312 0.604588 0.579629 0.581601 0.684087 0.632223 0.649801 0.648047 0.664987 0.648079 0.654452 0.656059 0.655523 0.664681 0.657670 0.642249 0.583452 0.616150 0.628287 0.593025 0.646237 0.577168 0.642531 0.596803 0.609736 0.642531 0.649112 0.644748 0.586707 0.642813 0.647299 0.648893 0.646519 0.641721 0.647233 0.678045 0.657133 0.644118 0.643307 0.656059 0.592466 0.645707 0.639220 0.638239 0.634382 0.687432 0.591308 0.003204 0.647894 0.681611 0.597310 0.648329 0.622560 0.642003 0.634114 0.645324 
AF039066   0.516189 0.660874 0.406845 0.520962 0.505338 0.496042 0.496766 0.523174 0.581515 0.563664 0.575885 0.715546 0.000000 0.574351 0.415869 0.506440 0.503980 0.511514 0.518113 0.522713 0.511990 0.512445 0.602505 0.553697 0.557712 0.569895 0.576731 0.568645 0.576452 0.576943 0.578906 0.580380 0.577433 0.564837 0.520504 0.539786 0.526536 0.523911 0.621608 0.513814 0.578267 0.545448 0.530321 0.564147 0.569617 0.504157 0.524656 0.562216 0.569479 0.568507 0.565114 0.561383 0.568434 0.604748 0.574006 0.549282 0.561456 0.584819 0.533099 0.553096 0.559083 0.558419 0.481002 0.590491 0.526959 0.715546 0.491117 0.591546 0.517749 0.560141 0.502898 0.618996 0.562421 0.562261 
AF061340   0.412576 0.609351 0.419704 0.419571 0.422628 0.446746 0.448299 0.441448 0.282255 0.185554 0.193548 0.646768 0.574351 0.000000 0.454456 0.449121 0.456868 0.467899 0.454719 0.429264 0.427453 0.425788 0.277472 0.221097 0.198785 0.272366 0.311415 0.230406 0.307928 0.312320 0.314156 0.320055 0.310854 0.185608 0.426776 0.458788 0.435816 0.421639 0.527566 0.424541 0.182619 0.444372 0.432226 0.192256 0.288770 0.451871 0.420133 0.212079 0.186141 0.188389 0.209771 0.177992 0.316250 0.341104 0.306833 0.184859 0.176617 0.312687 0.434433 0.181022 0.318198 0.244180 0.444206 0.541033 0.428286 0.645707 0.457925 0.342509 0.418333 0.231960 0.443043 0.532237 0.183632 0.340133 
AF069423   0.371734 0.574538 0.158908 0.381876 0.356688 0.351460 0.355189 0.391276 0.465471 0.451463 0.461606 0.637936 0.415869 0.454456 0.000000 0.370351 0.371493 0.375240 0.386093 0.394350 0.383188 0.385569 0.491257 0.455660 0.457455 0.457926 0.487021 0.465860 0.482216 0.476055 0.480451 0.482657 0.479130 0.456326 0.383689 0.418879 0.396825 0.384775 0.494042 0.383188 0.449757 0.409300 0.388447 0.451890 0.473701 0.364978 0.380519 0.462469 0.453172 0.454884 0.457302 0.448784 0.441224 0.510444 0.480011 0.440008 0.449058 0.489306 0.398631 0.445930 0.434765 0.446565 0.361261 0.470743 0.394622 0.636887 0.370137 0.509989 0.376746 0.456089 0.371373 0.496287 0.453326 0.437294 
AF090337   0.376869 0.568984 0.326545 0.386654 0.367857 0.139439 0.140663 0.393433 0.468771 0.449974 0.452232 0.623401 0.506440 0.449121 0.370351 0.000000 0.175551 0.203629 0.202289 0.401470 0.372336 0.373119 0.482502 0.440377 0.456670 0.458004 0.487867 0.456594 0.486767 0.484992 0.491221 0.490328 0.486767 0.447994 0.378839 0.422307 0.397916 0.384544 0.499815 0.371945 0.458552 0.412027 0.400376 0.449974 0.475285 0.149630 0.384901 0.445563 0.446687 0.450095 0.444714 0.448299 0.448360 0.499640 0.485879 0.445714 0.445865 0.495247 0.397574 0.446139 0.434383 0.447050 0.153555 0.480234 0.398247 0.622369 0.162222 0.501544 0.386528 0.446320 0.188610 0.498914 0.441622 0.449215 
AF090338   0.381582 0.581042 0.329266 0.397031 0.365638 0.137034 0.138255 0.404295 0.471005 0.455578 0.457143 0.643445 0.503980 0.456868 0.371493 0.175551 0.000000 0.193906 0.220496 0.393691 0.379381 0.378199 0.485329 0.443494 0.463318 0.459886 0.484044 0.458357 0.484273 0.479851 0.488716 0.485160 0.483830 0.457455 0.381186 0.432865 0.405079 0.385318 0.504137 0.377805 0.461183 0.410527 0.407671 0.454289 0.473583 0.173798 0.387667 0.454993 0.454838 0.456126 0.455852 0.452179 0.439453 0.482119 0.481617 0.442345 0.452300 0.487381 0.406051 0.453860 0.433687 0.448055 0.169508 0.480900 0.409168 0.642917 0.181015 0.493628 0.395294 0.446746 0.204251 0.505498 0.452574 0.431293 
AF090340   0.394584 0.576661 0.343280 0.402530 0.380099 0.175220 0.177768 0.414755 0.484013 0.464852 0.466867 0.640210 0.511514 0.467899 0.375240 0.203629 0.193906 0.000000 0.230283 0.406995 0.397151 0.397553 0.495389 0.464302 0.472258 0.475174 0.502171 0.469418 0.493870 0.492526 0.499715 0.492974 0.492078 0.464577 0.404280 0.430244 0.411758 0.400780 0.509676 0.399165 0.471392 0.417519 0.405088 0.466592 0.495113 0.199881 0.401574 0.462090 0.469321 0.470630 0.464258 0.466638 0.442600 0.502678 0.492078 0.460949 0.467188 0.493421 0.412844 0.465287 0.447291 0.462016 0.193444 0.486619 0.410255 0.640210 0.210911 0.508323 0.404829 0.463000 0.210206 0.506942 0.465012 0.452987 
AF090341   0.379209 0.582967 0.358544 0.398640 0.389007 0.198493 0.197517 0.406728 0.471881 0.456008 0.468401 0.623312 0.518113 0.454719 0.386093 0.202289 0.220496 0.230283 0.000000 0.407000 0.387305 0.386907 0.494696 0.455889 0.460283 0.458592 0.482717 0.472268 0.496317 0.495868 0.503075 0.490053 0.497216 0.454874 0.390333 0.432447 0.406710 0.388897 0.509593 0.387305 0.465082 0.412575 0.409710 0.461183 0.476657 0.219693 0.386870 0.452420 0.463896 0.463029 0.449426 0.445771 0.448391 0.497012 0.494971 0.450006 0.445469 0.492733 0.408490 0.452574 0.439602 0.455340 0.207034 0.483112 0.408354 0.623829 0.223899 0.503075 0.390093 0.449458 0.133607 0.511418 0.447172 0.443123 
AF106038   0.249553 0.578545 0.355231 0.167474 0.359085 0.388626 0.392890 0.292441 0.433211 0.417648 0.424815 0.604588 0.522713 0.429264 0.394350 0.401470 0.393691 0.406995 0.407000 0.000000 0.250624 0.250281 0.445289 0.404404 0.426242 0.433448 0.456637 0.421101 0.469660 0.464878 0.470968 0.467483 0.465745 0.418612 0.251690 0.333828 0.334135 0.272837 0.464055 0.245492 0.431772 0.318638 0.294244 0.420538 0.442469 0.402537 0.258939 0.409981 0.427869 0.425788 0.410390 0.416004 0.412851 0.478197 0.469224 0.411892 0.414492 0.460983 0.292172 0.418060 0.404941 0.419859 0.395506 0.488966 0.179538 0.604588 0.403074 0.487697 0.165856 0.423580 0.396770 0.460593 0.422750 0.423175 
AF154850   0.149246 0.574597 0.343763 0.234833 0.335546 0.372427 0.374659 0.178695 0.435861 0.417508 0.427582 0.579629 0.511990 0.427453 0.383188 0.372336 0.379381 0.397151 0.387305 0.250624 0.000000 0.012443 0.459415 0.406440 0.429165 0.432610 0.467550 0.423033 0.466454 0.464718 0.469934 0.468627 0.469063 0.421780 0.034879 0.318808 0.304169 0.160761 0.463737 0.027763 0.426204 0.286171 0.246129 0.422053 0.449395 0.372036 0.157032 0.418466 0.421630 0.420390 0.419704 0.420406 0.411073 0.482884 0.466454 0.420398 0.420538 0.461257 0.191807 0.424126 0.406572 0.421101 0.373809 0.496724 0.246368 0.579629 0.381457 0.485754 0.227041 0.421507 0.385986 0.459846 0.420125 0.420406 
AF154851   0.145245 0.576569 0.344523 0.235845 0.336677 0.373603 0.376231 0.174575 0.437125 0.417921 0.427582 0.581601 0.512445 0.425788 0.385569 0.373119 0.378199 0.397553 0.386907 0.250281 0.012443 0.000000 0.460277 0.405625 0.427911 0.435967 0.467116 0.423864 0.468192 0.465152 0.472552 0.469934 0.468627 0.422194 0.033241 0.317329 0.306731 0.156097 0.463304 0.025328 0.426620 0.288678 0.247840 0.423297 0.451530 0.371253 0.153927 0.418054 0.423701 0.422044 0.420117 0.419579 0.412303 0.483769 0.468192 0.417921 0.420125 0.461689 0.190520 0.423297 0.407389 0.421930 0.373015 0.498069 0.249787 0.581601 0.381062 0.486197 0.227375 0.422750 0.384399 0.457691 0.420952 0.423307 
AJ001562   0.452146 0.633925 0.454647 0.440204 0.448756 0.476217 0.479576 0.475670 0.290562 0.257945 0.266219 0.684087 0.602505 0.277472 0.491257 0.482502 0.485329 0.495389 0.494696 0.445289 0.459415 0.460277 0.000000 0.239338 0.277176 0.282437 0.358238 0.220961 0.338837 0.337329 0.345274 0.353285 0.339592 0.263587 0.463072 0.489464 0.463565 0.459846 0.563713 0.457691 0.263776 0.473523 0.467899 0.259601 0.298583 0.483891 0.459180 0.293528 0.266219 0.268319 0.289216 0.258102 0.344963 0.380047 0.339215 0.260990 0.256906 0.340726 0.466660 0.259601 0.348891 0.271995 0.475317 0.572262 0.450401 0.682431 0.493146 0.375499 0.439359 0.271375 0.482944 0.565654 0.258638 0.363387 
AJ001588   0.398715 0.595997 0.416684 0.400749 0.403580 0.434345 0.437568 0.422204 0.259379 0.207921 0.218103 0.632223 0.553697 0.221097 0.455660 0.440377 0.443494 0.464302 0.455889 0.404404 0.406440 0.405625 0.239338 0.000000 0.221022 0.245742 0.299846 0.197191 0.283773 0.285554 0.291996 0.295954 0.287339 0.214914 0.408616 0.434236 0.425874 0.405218 0.512123 0.404404 0.206218 0.432553 0.415600 0.202616 0.265064 0.441249 0.407389 0.230077 0.206874 0.208188 0.231087 0.201160 0.299504 0.342405 0.285198 0.202616 0.198760 0.284485 0.421930 0.200005 0.297421 0.218897 0.435083 0.527278 0.411756 0.631177 0.451356 0.321637 0.401966 0.218297 0.442071 0.518108 0.210225 0.317018 
AJ010957   0.417944 0.599886 0.415457 0.413402 0.421684 0.448819 0.450378 0.436450 0.283301 0.139410 0.164515 0.649801 0.557712 0.198785 0.457455 0.456670 0.463318 0.472258 0.460283 0.426242 0.429165 0.427911 0.277176 0.221022 0.000000 0.273117 0.291821 0.232587 0.293080 0.293080 0.299587 0.312000 0.291640 0.134558 0.431841 0.453021 0.439973 0.424575 0.520143 0.425825 0.173999 0.444606 0.426829 0.167982 0.287689 0.453262 0.424729 0.156194 0.178777 0.178458 0.155570 0.152768 0.309029 0.340783 0.292360 0.153880 0.150507 0.299587 0.432809 0.154146 0.309764 0.228199 0.448459 0.519309 0.421251 0.649267 0.458750 0.318638 0.417938 0.231165 0.445100 0.524324 0.193314 0.322180 
AJ222767   0.427610 0.604183 0.429249 0.428847 0.416421 0.454015 0.455148 0.450095 0.291550 0.260911 0.257710 0.648047 0.569895 0.272366 0.457926 0.458004 0.459886 0.475174 0.458592 0.433448 0.432610 0.435967 0.282437 0.245742 0.273117 0.000000 0.347016 0.246575 0.320425 0.320425 0.321166 0.330094 0.318946 0.262382 0.433193 0.464737 0.446010 0.434707 0.531214 0.431772 0.268155 0.445100 0.442495 0.267455 0.292357 0.453741 0.433613 0.283322 0.274478 0.274830 0.282255 0.254830 0.333123 0.365319 0.321166 0.264661 0.253296 0.324132 0.449395 0.259096 0.332747 0.267350 0.458515 0.531752 0.436387 0.647516 0.469644 0.352902 0.425931 0.264984 0.458004 0.531682 0.264741 0.333711 
AJ224821   0.451256 0.607479 0.452044 0.448237 0.460750 0.480676 0.482275 0.474687 0.358042 0.294695 0.295685 0.664987 0.576731 0.311415 0.487021 0.487867 0.484044 0.502171 0.482717 0.456637 0.467550 0.467116 0.358238 0.299846 0.291821 0.347016 0.000000 0.319448 0.359666 0.360438 0.367026 0.370143 0.360824 0.293346 0.471242 0.491288 0.479857 0.463217 0.555384 0.470159 0.303745 0.481784 0.476713 0.296859 0.367771 0.496694 0.457848 0.304299 0.303462 0.301285 0.302843 0.291369 0.374360 0.414749 0.360052 0.290740 0.291189 0.365084 0.473975 0.286444 0.360051 0.295960 0.484136 0.549480 0.458083 0.663365 0.495247 0.381526 0.450216 0.278265 0.479902 0.556345 0.304204 0.375024 
AJ238588   0.417659 0.603619 0.431918 0.417241 0.415326 0.452917 0.456201 0.438664 0.256447 0.226109 0.230406 0.648079 0.568645 0.230406 0.465860 0.456594 0.458357 0.469418 0.472268 0.421101 0.423033 0.423864 0.220961 0.197191 0.232587 0.246575 0.319448 0.000000 0.305566 0.304837 0.311048 0.324337 0.306660 0.229534 0.428603 0.452952 0.437529 0.428444 0.528789 0.421789 0.224369 0.435501 0.434491 0.219035 0.262114 0.458513 0.425682 0.247335 0.228725 0.228053 0.246307 0.218232 0.300500 0.351326 0.305566 0.222031 0.218435 0.310315 0.435020 0.217042 0.299690 0.232367 0.453479 0.531562 0.425527 0.647017 0.468107 0.337543 0.421375 0.228799 0.458200 0.534879 0.220431 0.315638 
D38112     0.459572 0.622449 0.450063 0.455660 0.468884 0.479576 0.483387 0.480617 0.334850 0.283860 0.290561 0.654452 0.576452 0.307928 0.482216 0.486767 0.484273 0.493870 0.496317 0.469660 0.466454 0.468192 0.338837 0.283773 0.293080 0.320425 0.359666 0.305566 0.000000 0.047902 0.060194 0.127475 0.047347 0.284304 0.472766 0.484227 0.479196 0.472115 0.548410 0.468192 0.298843 0.480241 0.470630 0.291637 0.340186 0.480184 0.464922 0.300664 0.293433 0.294873 0.303935 0.277288 0.378839 0.403762 0.006090 0.277740 0.274646 0.122358 0.483876 0.273069 0.375295 0.303382 0.483192 0.551109 0.472989 0.653381 0.488952 0.217042 0.456519 0.305661 0.481450 0.551274 0.294604 0.379086 
D38113     0.456126 0.622969 0.451770 0.453516 0.469321 0.476932 0.479851 0.478416 0.336356 0.283504 0.291637 0.656059 0.576943 0.312320 0.476055 0.484992 0.479851 0.492526 0.495868 0.464878 0.464718 0.465152 0.337329 0.285554 0.293080 0.320425 0.360438 0.304837 0.047902 0.000000 0.062728 0.127777 0.025409 0.284304 0.469708 0.488676 0.480524 0.468192 0.547933 0.462121 0.297397 0.477593 0.471068 0.290919 0.340943 0.479301 0.462755 0.303207 0.293074 0.295233 0.305392 0.276227 0.375688 0.404976 0.046238 0.278094 0.273941 0.122959 0.481666 0.275536 0.373724 0.300115 0.479163 0.549203 0.469498 0.654987 0.487615 0.213400 0.453944 0.303476 0.478363 0.547933 0.294604 0.375146 
D38114     0.463462 0.626620 0.456481 0.459101 0.469757 0.484885 0.485604 0.484151 0.342026 0.287785 0.297759 0.655523 0.578906 0.314156 0.480451 0.491221 0.488716 0.499715 0.503075 0.470968 0.469934 0.472552 0.345274 0.291996 0.299587 0.321166 0.367026 0.311048 0.060194 0.062728 0.000000 0.128683 0.060194 0.289306 0.475395 0.489568 0.486300 0.477811 0.549364 0.469934 0.303556 0.483340 0.476328 0.298120 0.347397 0.485054 0.472329 0.306121 0.296675 0.297397 0.308313 0.280833 0.377656 0.410662 0.059913 0.280220 0.277825 0.122358 0.484319 0.278716 0.379234 0.310315 0.483640 0.553019 0.472115 0.653916 0.495215 0.220365 0.463419 0.307486 0.485435 0.553667 0.299660 0.382646 
D38115     0.465631 0.617260 0.453909 0.460826 0.477647 0.478694 0.480292 0.487253 0.346967 0.305107 0.314524 0.664681 0.580380 0.320055 0.482657 0.490328 0.485160 0.492974 0.490053 0.467483 0.468627 0.469934 0.353285 0.295954 0.312000 0.330094 0.370143 0.324337 0.127475 0.127777 0.128683 0.000000 0.124462 0.305930 0.472766 0.491355 0.483630 0.476494 0.541760 0.469934 0.318946 0.483784 0.478528 0.311953 0.349685 0.482394 0.471892 0.318977 0.306469 0.306469 0.318238 0.295508 0.380814 0.412702 0.127173 0.291278 0.293164 0.139931 0.483876 0.287251 0.381605 0.323965 0.481847 0.553497 0.472552 0.663599 0.492974 0.222365 0.461689 0.320727 0.478803 0.546505 0.311684 0.386219 
D38116     0.455267 0.625054 0.455194 0.454802 0.468448 0.479576 0.481617 0.479296 0.337488 0.287785 0.294153 0.657670 0.577433 0.310854 0.479130 0.486767 0.483830 0.492078 0.497216 0.465745 0.469063 0.468627 0.339592 0.287339 0.291640 0.318946 0.360824 0.306660 0.047347 0.025409 0.060194 0.124462 0.000000 0.286802 0.472329 0.491803 0.479196 0.471242 0.548887 0.466020 0.296675 0.477153 0.471942 0.293433 0.340564 0.481952 0.463621 0.303571 0.293793 0.295954 0.305392 0.278350 0.375688 0.410662 0.046238 0.278094 0.275352 0.119660 0.483434 0.274126 0.374117 0.304109 0.481399 0.550155 0.471242 0.656596 0.490290 0.210760 0.456519 0.306756 0.484992 0.550318 0.295685 0.375539 
J01394     0.408617 0.602427 0.418606 0.402511 0.409570 0.442645 0.444193 0.429826 0.274983 0.064686 0.134709 0.642249 0.564837 0.185608 0.456326 0.447994 0.457455 0.464577 0.454874 0.418612 0.421780 0.422194 0.263587 0.214914 0.134558 0.262382 0.293346 0.229534 0.284304 0.284304 0.289306 0.305930 0.286802 0.000000 0.424422 0.448208 0.419207 0.420538 0.529154 0.418060 0.144795 0.436471 0.414911 0.148182 0.280392 0.449031 0.419859 0.151401 0.149107 0.153439 0.148618 0.132999 0.302506 0.324067 0.281812 0.150343 0.135660 0.293615 0.425384 0.145410 0.302236 0.219360 0.434508 0.523930 0.414354 0.641193 0.452488 0.319147 0.406986 0.223030 0.441922 0.527755 0.167545 0.321570 
L29771     0.149459 0.579618 0.345725 0.237213 0.335218 0.376965 0.379209 0.177682 0.438561 0.421789 0.431081 0.583452 0.520504 0.426776 0.383689 0.378839 0.381186 0.404280 0.390333 0.251690 0.034879 0.033241 0.463072 0.408616 0.431841 0.433193 0.471242 0.428603 0.472766 0.469708 0.475395 0.472766 0.472329 0.424422 0.000000 0.321063 0.307850 0.161929 0.465676 0.033241 0.427193 0.292992 0.251994 0.423864 0.453002 0.376299 0.157258 0.420265 0.422609 0.421366 0.421921 0.421798 0.412169 0.488441 0.472766 0.421789 0.422345 0.464922 0.189566 0.425527 0.405887 0.422912 0.377613 0.498766 0.250851 0.584442 0.384463 0.491771 0.232079 0.422902 0.389806 0.461773 0.421516 0.423185 
L42813     0.318569 0.593660 0.387105 0.324103 0.383668 0.417642 0.420803 0.339106 0.471168 0.452334 0.456320 0.616150 0.539786 0.458788 0.418879 0.422307 0.432865 0.430244 0.432447 0.333828 0.318808 0.317329 0.489464 0.434236 0.453021 0.464737 0.491288 0.452952 0.484227 0.488676 0.489568 0.491355 0.491803 0.448208 0.321063 0.000000 0.390542 0.335227 0.466202 0.316591 0.452763 0.363504 0.334841 0.448909 0.475063 0.424815 0.329099 0.443645 0.453312 0.452883 0.444070 0.448513 0.442822 0.502678 0.482011 0.447202 0.449062 0.485560 0.342623 0.444646 0.427247 0.450686 0.425133 0.511895 0.336463 0.616150 0.435547 0.508957 0.322143 0.438309 0.419837 0.464462 0.458082 0.446927 
M10217     0.304646 0.598362 0.357295 0.325502 0.360554 0.385325 0.387595 0.334348 0.449188 0.424895 0.443575 0.628287 0.526536 0.435816 0.396825 0.397916 0.405079 0.411758 0.406710 0.334135 0.304169 0.306731 0.463565 0.425874 0.439973 0.446010 0.479857 0.437529 0.479196 0.480524 0.486300 0.483630 0.479196 0.419207 0.307850 0.390542 0.000000 0.318901 0.488661 0.301614 0.436239 0.353158 0.333960 0.440475 0.457334 0.394130 0.313572 0.430469 0.441874 0.438904 0.429211 0.426162 0.423522 0.486703 0.478312 0.425313 0.426711 0.481854 0.345465 0.431601 0.421720 0.436260 0.396516 0.522541 0.328975 0.627766 0.403580 0.505203 0.319813 0.434697 0.401287 0.487767 0.431326 0.424214 
M91245     0.113830 0.592995 0.349097 0.251845 0.346918 0.372819 0.374267 0.211062 0.435861 0.419158 0.420944 0.593025 0.523911 0.421639 0.384775 0.384544 0.385318 0.400780 0.388897 0.272837 0.160761 0.156097 0.459846 0.405218 0.424575 0.434707 0.463217 0.428444 0.472115 0.468192 0.477811 0.476494 0.471242 0.420538 0.161929 0.335227 0.318901 0.000000 0.463896 0.155787 0.424957 0.295152 0.264848 0.420812 0.450248 0.377262 0.121022 0.413941 0.422044 0.423701 0.418466 0.418339 0.409571 0.489987 0.470806 0.420398 0.416411 0.468192 0.215409 0.423297 0.411073 0.427754 0.381387 0.494658 0.261507 0.593025 0.388609 0.496449 0.240172 0.414904 0.389168 0.457417 0.416411 0.423864 
U11880     0.447446 0.607584 0.473471 0.467918 0.483401 0.496185 0.497361 0.467804 0.518754 0.519678 0.522546 0.646237 0.621608 0.527566 0.494042 0.499815 0.504137 0.509676 0.509593 0.464055 0.463737 0.463304 0.563713 0.512123 0.520143 0.531214 0.555384 0.528789 0.548410 0.547933 0.549364 0.541760 0.548887 0.529154 0.465676 0.466202 0.488661 0.463896 0.000000 0.462005 0.525704 0.461741 0.464302 0.523846 0.529533 0.511142 0.454015 0.521620 0.527566 0.528498 0.521620 0.527200 0.517459 0.564405 0.546981 0.512773 0.525427 0.545079 0.470918 0.521992 0.517459 0.523110 0.503855 0.584083 0.464444 0.645177 0.516547 0.567183 0.456245 0.523201 0.498988 0.068611 0.518016 0.530761 
U12143     0.144938 0.574597 0.341865 0.231802 0.332912 0.373603 0.375837 0.176474 0.433759 0.415450 0.425088 0.577168 0.513814 0.424541 0.383188 0.371945 0.377805 0.399165 0.387305 0.245492 0.027763 0.025328 0.457691 0.404404 0.425825 0.431772 0.470159 0.421789 0.468192 0.462121 0.469934 0.469934 0.466020 0.418060 0.033241 0.316591 0.301614 0.155787 0.462005 0.000000 0.422053 0.287245 0.247572 0.419158 0.446838 0.372548 0.153617 0.413120 0.419564 0.417915 0.415584 0.416277 0.407935 0.485542 0.468192 0.416272 0.417235 0.460394 0.189290 0.421225 0.400874 0.420687 0.372618 0.492699 0.245003 0.577168 0.381457 0.484868 0.225704 0.419025 0.385192 0.458122 0.416823 0.418066 
U20753     0.417926 0.604747 0.426334 0.416272 0.419726 0.448451 0.453002 0.440603 0.274461 0.148448 0.154592 0.642531 0.578267 0.182619 0.449757 0.458552 0.461183 0.471392 0.465082 0.431772 0.426204 0.426620 0.263776 0.206218 0.173999 0.268155 0.303745 0.224369 0.298843 0.297397 0.303556 0.318946 0.296675 0.144795 0.427193 0.452763 0.436239 0.424957 0.525704 0.422053 0.000000 0.451202 0.432645 0.111518 0.274209 0.455304 0.422204 0.191512 0.119858 0.121056 0.189898 0.134747 0.312932 0.341861 0.298481 0.144099 0.134974 0.302830 0.430244 0.141647 0.309722 0.228930 0.452418 0.540562 0.429955 0.640947 0.463549 0.328600 0.416272 0.223900 0.459297 0.531769 0.166191 0.329578 
U62532     0.280987 0.590026 0.375063 0.311266 0.371372 0.405764 0.407667 0.307235 0.447689 0.440127 0.453037 0.596803 0.545448 0.444372 0.409300 0.412027 0.410527 0.417519 0.412575 0.318638 0.286171 0.288678 0.473523 0.432553 0.444606 0.445100 0.481784 0.435501 0.480241 0.477593 0.483340 0.483784 0.477153 0.436471 0.292992 0.363504 0.353158 0.295152 0.461741 0.287245 0.451202 0.000000 0.317588 0.440127 0.451939 0.408346 0.288585 0.437716 0.451597 0.448177 0.440676 0.438309 0.433248 0.485792 0.479358 0.442672 0.437590 0.477593 0.311730 0.446075 0.418371 0.432425 0.408733 0.510432 0.321334 0.595798 0.424137 0.514440 0.304219 0.436345 0.407124 0.460441 0.444948 0.428214 
U82228     0.245890 0.575526 0.353335 0.271663 0.347314 0.394454 0.399964 0.284310 0.449215 0.421383 0.432773 0.609736 0.530321 0.432226 0.388447 0.400376 0.407671 0.405088 0.409710 0.294244 0.246129 0.247840 0.467899 0.415600 0.426829 0.442495 0.476713 0.434491 0.470630 0.471068 0.476328 0.478528 0.471942 0.414911 0.251994 0.334841 0.333960 0.264848 0.464302 0.247572 0.432645 0.317588 0.000000 0.426789 0.453037 0.397271 0.252147 0.417932 0.421516 0.420273 0.418345 0.423885 0.405887 0.490290 0.469757 0.426372 0.424017 0.476767 0.293520 0.422213 0.416569 0.418358 0.389250 0.499640 0.279070 0.609507 0.407804 0.499465 0.264929 0.428329 0.403474 0.454791 0.425682 0.425408 
U96639     0.412987 0.609864 0.415584 0.406036 0.412716 0.446746 0.450434 0.436808 0.272699 0.141993 0.160194 0.642531 0.564147 0.192256 0.451890 0.449974 0.454289 0.466592 0.461183 0.420538 0.422053 0.423297 0.259601 0.202616 0.167982 0.267455 0.296859 0.219035 0.291637 0.290919 0.298120 0.311953 0.293433 0.148182 0.423864 0.448909 0.440475 0.420812 0.523846 0.419158 0.111518 0.440127 0.426789 0.000000 0.278448 0.449305 0.420547 0.191512 0.105900 0.106490 0.192804 0.135051 0.309258 0.333945 0.290919 0.147481 0.132545 0.292714 0.431499 0.144406 0.306425 0.220229 0.444637 0.537738 0.414216 0.642003 0.460949 0.331216 0.410118 0.217235 0.450708 0.526169 0.164308 0.323227 
X14848     0.437968 0.620416 0.449516 0.437524 0.451597 0.469806 0.475338 0.455971 0.125471 0.275352 0.280574 0.649112 0.569617 0.288770 0.473701 0.475285 0.473583 0.495113 0.476657 0.442469 0.449395 0.451530 0.298583 0.265064 0.287689 0.292357 0.367771 0.262114 0.340186 0.340943 0.347397 0.349685 0.340564 0.280392 0.453002 0.475063 0.457334 0.450248 0.529533 0.446838 0.274209 0.451939 0.453037 0.278448 0.000000 0.476822 0.444467 0.301390 0.289844 0.290202 0.298490 0.275520 0.336079 0.375986 0.339053 0.275620 0.267969 0.340186 0.451410 0.271394 0.341868 0.292898 0.476820 0.544062 0.447264 0.648579 0.486174 0.378372 0.441324 0.286798 0.464692 0.533748 0.274293 0.348955 
X52392     0.369234 0.575032 0.323870 0.385298 0.364825 0.149449 0.150378 0.390477 0.467235 0.448024 0.454719 0.644748 0.504157 0.451871 0.364978 0.149630 0.173798 0.199881 0.219693 0.402537 0.372036 0.371253 0.483891 0.441249 0.453262 0.453741 0.496694 0.458513 0.480184 0.479301 0.485054 0.482394 0.481952 0.449031 0.376299 0.424815 0.394130 0.377262 0.511142 0.372548 0.455304 0.408346 0.397271 0.449305 0.476822 0.000000 0.376816 0.452574 0.453705 0.455423 0.450861 0.449337 0.439453 0.499264 0.477538 0.442495 0.447324 0.483723 0.396488 0.450587 0.431876 0.456513 0.153778 0.468771 0.400516 0.644748 0.163085 0.499364 0.385967 0.444070 0.201487 0.509317 0.446320 0.435501 
X61010     0.031631 0.581172 0.341921 0.243934 0.348509 0.374332 0.376571 0.201014 0.436029 0.414769 0.416962 0.586707 0.524656 0.420133 0.380519 0.384901 0.387667 0.401574 0.386870 0.258939 0.157032 0.153927 0.459180 0.407389 0.424729 0.433613 0.457848 0.425682 0.464922 0.462755 0.472329 0.471892 0.463621 0.419859 0.157258 0.329099 0.313572 0.121022 0.454015 0.153617 0.422204 0.288585 0.252147 0.420547 0.444467 0.376816 0.000000 0.413260 0.422204 0.422204 0.415315 0.413949 0.413402 0.488441 0.464055 0.419305 0.412441 0.462755 0.206630 0.423864 0.406704 0.421666 0.379337 0.492664 0.255938 0.585218 0.390974 0.491325 0.230398 0.418759 0.384755 0.449305 0.417380 0.416013 
X61145     0.406579 0.598194 0.420803 0.407397 0.419172 0.443618 0.447720 0.424815 0.298044 0.154769 0.165706 0.642813 0.562216 0.212079 0.462469 0.445563 0.454993 0.462090 0.452420 0.409981 0.418466 0.418054 0.293528 0.230077 0.156194 0.283322 0.304299 0.247335 0.300664 0.303207 0.306121 0.318977 0.303571 0.151401 0.420265 0.443645 0.430469 0.413941 0.521620 0.413120 0.191512 0.437716 0.417932 0.191512 0.301390 0.452574 0.413260 0.000000 0.184754 0.185395 0.030021 0.167739 0.314062 0.354122 0.300664 0.175500 0.166068 0.306851 0.428286 0.173596 0.316377 0.228867 0.439334 0.521522 0.414762 0.643341 0.461224 0.334638 0.401707 0.236907 0.442469 0.525794 0.207531 0.337156 
X63726     0.415865 0.610377 0.418466 0.417096 0.413949 0.449426 0.453551 0.439313 0.284035 0.145369 0.164260 0.647299 0.569479 0.186141 0.453172 0.446687 0.454838 0.469321 0.463896 0.427869 0.421630 0.423701 0.266219 0.206874 0.178777 0.274478 0.303462 0.228725 0.293433 0.293074 0.296675 0.306469 0.293793 0.149107 0.422609 0.453312 0.441874 0.422044 0.527566 0.419564 0.119858 0.451597 0.421516 0.105900 0.289844 0.453705 0.422204 0.184754 0.000000 0.016479 0.184433 0.142687 0.309625 0.334320 0.292714 0.146557 0.142606 0.295593 0.431482 0.144713 0.308988 0.221562 0.443901 0.526991 0.419571 0.646237 0.461066 0.330468 0.417369 0.217235 0.451684 0.529432 0.167134 0.330494 
X72004     0.416689 0.609864 0.419291 0.414627 0.412305 0.451563 0.454838 0.439313 0.284748 0.147523 0.167086 0.648893 0.568507 0.188389 0.454884 0.450095 0.456126 0.470630 0.463029 0.425788 0.420390 0.422044 0.268319 0.208188 0.178458 0.274830 0.301285 0.228053 0.294873 0.295233 0.297397 0.306469 0.295954 0.153439 0.421366 0.452883 0.438904 0.423701 0.528498 0.417915 0.121056 0.448177 0.420273 0.106490 0.290202 0.455423 0.422204 0.185395 0.016479 0.000000 0.186680 0.143608 0.308159 0.334320 0.294153 0.145327 0.142606 0.296675 0.433156 0.145020 0.307889 0.222230 0.445192 0.528385 0.418333 0.647830 0.461932 0.330468 0.416134 0.216571 0.453825 0.530366 0.168078 0.330494 
X72204     0.409027 0.601238 0.420390 0.409845 0.421657 0.442769 0.448146 0.426477 0.293710 0.154148 0.167594 0.646519 0.565114 0.209771 0.457302 0.444714 0.455852 0.464258 0.449426 0.410390 0.419704 0.420117 0.289216 0.231087 0.155570 0.282255 0.302843 0.246307 0.303935 0.305392 0.308313 0.318238 0.305392 0.148618 0.421921 0.444070 0.429211 0.418466 0.521620 0.415584 0.189898 0.440676 0.418345 0.192804 0.298490 0.450861 0.415315 0.030021 0.184433 0.186680 0.000000 0.166164 0.314800 0.354506 0.303935 0.173913 0.164497 0.306851 0.429120 0.170432 0.314530 0.229540 0.439334 0.519217 0.415173 0.646519 0.459063 0.337651 0.405361 0.238945 0.440776 0.528121 0.205562 0.338671 
X79547     0.408071 0.590224 0.419712 0.410527 0.416425 0.440825 0.446197 0.428862 0.275774 0.127511 0.142994 0.641721 0.561383 0.177992 0.448784 0.448299 0.452179 0.466638 0.445771 0.416004 0.420406 0.419579 0.258102 0.201160 0.152768 0.254830 0.291369 0.218232 0.277288 0.276227 0.280833 0.295508 0.278350 0.132999 0.421798 0.448513 0.426162 0.418339 0.527200 0.416277 0.134747 0.438309 0.423885 0.135051 0.275520 0.449337 0.413949 0.167739 0.142687 0.143608 0.166164 0.000000 0.300417 0.337436 0.277996 0.102455 0.019734 0.281544 0.427336 0.098641 0.295071 0.211464 0.436513 0.523004 0.416689 0.640138 0.454516 0.307121 0.408073 0.208167 0.443494 0.528133 0.157258 0.316477 
X83427     0.405891 0.606350 0.409844 0.403045 0.403161 0.431584 0.431858 0.426229 0.333005 0.297690 0.314945 0.647233 0.568434 0.316250 0.441224 0.448360 0.439453 0.442600 0.448391 0.412851 0.411073 0.412303 0.344963 0.299504 0.309029 0.333123 0.374360 0.300500 0.378839 0.375688 0.377656 0.380814 0.375688 0.302506 0.412169 0.442822 0.423522 0.409571 0.517459 0.407935 0.312932 0.433248 0.405887 0.309258 0.336079 0.439453 0.413402 0.314062 0.309625 0.308159 0.314800 0.300417 0.000000 0.388464 0.377262 0.302682 0.298415 0.368247 0.424564 0.302951 0.272412 0.308352 0.434975 0.517557 0.403451 0.647233 0.444853 0.395684 0.405895 0.304154 0.440151 0.515152 0.307157 0.286798 
X88898     0.483830 0.628671 0.476384 0.481558 0.472869 0.482454 0.483172 0.502722 0.377534 0.327315 0.334696 0.678045 0.604748 0.341104 0.510444 0.499640 0.482119 0.502678 0.497012 0.478197 0.482884 0.483769 0.380047 0.342405 0.340783 0.365319 0.414749 0.351326 0.403762 0.404976 0.410662 0.412702 0.410662 0.324067 0.488441 0.502678 0.486703 0.489987 0.564405 0.485542 0.341861 0.485792 0.490290 0.333945 0.375986 0.499264 0.488441 0.354122 0.334320 0.334320 0.354506 0.337436 0.388464 0.000000 0.402146 0.335824 0.334426 0.404976 0.492114 0.334966 0.383814 0.353197 0.491822 0.558493 0.490879 0.676400 0.505222 0.423235 0.477152 0.353581 0.491013 0.566833 0.320896 0.393250 
X93334     0.458278 0.621929 0.448784 0.455231 0.468012 0.478253 0.482059 0.480617 0.333722 0.282437 0.290561 0.657133 0.574006 0.306833 0.480011 0.485879 0.481617 0.492078 0.494971 0.469224 0.466454 0.468192 0.339215 0.285198 0.292360 0.321166 0.360052 0.305566 0.006090 0.046238 0.059913 0.127173 0.046238 0.281812 0.472766 0.482011 0.478312 0.470806 0.546981 0.468192 0.298481 0.479358 0.469757 0.290919 0.339053 0.477538 0.464055 0.300664 0.292714 0.294153 0.303935 0.277996 0.377262 0.402146 0.000000 0.278094 0.274646 0.122358 0.482992 0.273069 0.372940 0.303382 0.480504 0.548251 0.472552 0.656059 0.486725 0.215716 0.455660 0.304932 0.480126 0.549364 0.293524 0.375932 
X97336     0.410936 0.585053 0.409028 0.406036 0.415596 0.435313 0.437694 0.432610 0.271643 0.146907 0.158011 0.644118 0.549282 0.184859 0.440008 0.445714 0.442345 0.460949 0.450006 0.411892 0.420398 0.417921 0.260990 0.202616 0.153880 0.264661 0.290740 0.222031 0.277740 0.278094 0.280220 0.291278 0.278094 0.150343 0.421789 0.447202 0.425313 0.420398 0.512773 0.416272 0.144099 0.442672 0.426372 0.147481 0.275620 0.442495 0.419305 0.175500 0.146557 0.145327 0.173913 0.102455 0.302682 0.335824 0.278094 0.000000 0.101223 0.281284 0.426074 0.060426 0.302776 0.215576 0.438628 0.516823 0.414216 0.643588 0.451905 0.306469 0.409300 0.219563 0.442196 0.518755 0.165877 0.320996 
X97337     0.406575 0.591794 0.416134 0.407802 0.416560 0.437990 0.443344 0.429826 0.272783 0.128647 0.145061 0.643307 0.561456 0.176617 0.449058 0.445865 0.452300 0.467188 0.445469 0.414492 0.420538 0.420125 0.256906 0.198760 0.150507 0.253296 0.291189 0.218435 0.274646 0.273941 0.277825 0.293164 0.275352 0.135660 0.422345 0.449062 0.426711 0.416411 0.525427 0.417235 0.134974 0.437590 0.424017 0.132545 0.267969 0.447324 0.412441 0.166068 0.142606 0.142606 0.164497 0.019734 0.298415 0.334426 0.274646 0.101223 0.000000 0.281015 0.427466 0.097124 0.295611 0.210020 0.436641 0.517927 0.414354 0.641721 0.454206 0.306200 0.405764 0.205744 0.439383 0.524962 0.161536 0.315169 
X99256     0.456987 0.619851 0.458630 0.456519 0.467141 0.481784 0.482059 0.485036 0.334474 0.290292 0.297036 0.656059 0.584819 0.312687 0.489306 0.495247 0.487381 0.493421 0.492733 0.460983 0.461257 0.461689 0.340726 0.284485 0.299587 0.324132 0.365084 0.310315 0.122358 0.122959 0.122358 0.139931 0.119660 0.293615 0.464922 0.485560 0.481854 0.468192 0.545079 0.460394 0.302830 0.477593 0.476767 0.292714 0.340186 0.483723 0.462755 0.306851 0.295593 0.296675 0.306851 0.281544 0.368247 0.404976 0.122358 0.281284 0.281015 0.000000 0.477701 0.281198 0.375295 0.313985 0.483192 0.553975 0.469934 0.656059 0.495664 0.214061 0.458239 0.307486 0.484548 0.547933 0.297128 0.375932 
