74
AB006953   0.000000 0.645074 0.358327 0.250626 0.371998 0.401032 0.404896 0.208159 0.468379 0.442629 0.447224 0.672860 0.579840 0.450118 0.404892 0.410563 0.420007 0.437505 0.415106 0.264876 0.156942 0.152881 0.496510 0.435924 0.452180 0.466071 0.495706 0.456709 0.509908 0.504380 0.513812 0.515351 0.502020 0.441275 0.156761 0.348242 0.330818 0.118196 0.494402 0.151990 0.452296 0.299345 0.260039 0.447735 0.479866 0.405544 0.032202 0.445181 0.449745 0.450741 0.447230 0.442245 0.445663 0.531547 0.508338 0.444087 0.441177 0.507622 0.208921 0.450129 0.438390 0.452440 0.405277 0.547907 0.261905 0.672170 0.423026 0.537433 0.235821 0.454015 0.412193 0.488979 0.444115 0.449261 
AB008539   0.645074 0.000000 0.620677 0.640220 0.606350 0.638979 0.641773 0.674707 0.686109 0.674013 0.671037 0.855105 0.744892 0.676801 0.640052 0.642141 0.651770 0.651815 0.650627 0.657627 0.651565 0.654471 0.712589 0.667904 0.669383 0.678820 0.682239 0.673673 0.701896 0.701091 0.701940 0.699720 0.701693 0.672358 0.658081 0.671632 0.672524 0.667273 0.682958 0.651439 0.674432 0.656730 0.649265 0.680265 0.698497 0.644929 0.653857 0.670830 0.681751 0.680250 0.676821 0.662560 0.681784 0.695713 0.700565 0.654068 0.663980 0.698844 0.684361 0.658236 0.659441 0.673246 0.647025 0.689028 0.645536 0.854892 0.671360 0.686415 0.643561 0.672536 0.654669 0.685656 0.658576 0.665192 
AB012104   0.358327 0.620677 0.000000 0.369812 0.347174 0.337199 0.339270 0.386098 0.475678 0.449717 0.454633 0.711179 0.438854 0.452381 0.162702 0.348995 0.352148 0.368856 0.382769 0.383379 0.369037 0.370155 0.497521 0.453297 0.448287 0.465689 0.491536 0.469222 0.492520 0.494869 0.499565 0.498632 0.497230 0.451014 0.371130 0.423435 0.386000 0.378057 0.520356 0.366678 0.457490 0.403793 0.378585 0.446579 0.489465 0.345659 0.367892 0.456941 0.450399 0.451574 0.457719 0.449513 0.445206 0.517743 0.491561 0.439335 0.448063 0.500923 0.397157 0.447328 0.433229 0.445370 0.345388 0.497224 0.375982 0.710669 0.360113 0.529129 0.361968 0.462913 0.363986 0.525260 0.455699 0.442340 
AB015962   0.250626 0.640220 0.369812 0.000000 0.383715 0.421788 0.425261 0.297936 0.455445 0.439892 0.452359 0.683845 0.586540 0.456424 0.417856 0.423264 0.436896 0.446228 0.437485 0.174059 0.250993 0.252105 0.486910 0.438262 0.447078 0.469236 0.493179 0.453834 0.506390 0.504058 0.509760 0.511740 0.502833 0.435358 0.253726 0.355412 0.352206 0.270151 0.518363 0.247495 0.452593 0.334261 0.288667 0.443282 0.477372 0.423929 0.259439 0.444196 0.455332 0.452768 0.446342 0.446739 0.440509 0.526566 0.506112 0.442953 0.445474 0.506518 0.301809 0.451795 0.428805 0.447887 0.421273 0.553260 0.098033 0.683949 0.436471 0.546201 0.113638 0.450845 0.427062 0.514517 0.447310 0.453569 
AB016606   0.371998 0.606350 0.347174 0.383715 0.000000 0.390255 0.392627 0.377438 0.478905 0.445793 0.447968 0.705976 0.563840 0.458164 0.385916 0.401459 0.398423 0.416833 0.424068 0.393377 0.365544 0.367052 0.498784 0.443679 0.456362 0.456666 0.510389 0.452561 0.519252 0.518360 0.518235 0.529517 0.516211 0.445124 0.364727 0.420029 0.395139 0.378314 0.534212 0.362254 0.456273 0.402806 0.377409 0.449721 0.495274 0.396809 0.380013 0.458948 0.452360 0.450188 0.462129 0.452063 0.442528 0.519532 0.517645 0.453715 0.453326 0.515602 0.384941 0.453844 0.435301 0.448493 0.386609 0.550347 0.388762 0.706566 0.407196 0.540094 0.375023 0.459144 0.409272 0.531221 0.444849 0.442667 
AB026193   0.401032 0.638979 0.337199 0.421788 0.390255 0.000000 0.010555 0.431211 0.510957 0.488229 0.494003 0.731174 0.551082 0.495297 0.380086 0.145190 0.143281 0.184834 0.208144 0.432817 0.407914 0.409476 0.532748 0.478390 0.494262 0.500735 0.538014 0.500913 0.535459 0.530922 0.540305 0.533413 0.532277 0.485740 0.412710 0.468581 0.426656 0.411444 0.555321 0.409421 0.493441 0.446068 0.436404 0.492640 0.520264 0.156205 0.409608 0.491287 0.494677 0.497632 0.491693 0.484577 0.479515 0.532527 0.534081 0.478733 0.481973 0.537292 0.435038 0.485834 0.471928 0.481241 0.135505 0.530708 0.434863 0.732465 0.152979 0.553374 0.419437 0.478505 0.174933 0.557107 0.479228 0.472417 
AB026818   0.404896 0.641773 0.339270 0.425261 0.392627 0.010555 0.000000 0.433532 0.514831 0.491631 0.495802 0.732933 0.552824 0.497176 0.384591 0.146596 0.144773 0.187517 0.207313 0.437828 0.411715 0.413824 0.537284 0.482490 0.496843 0.502911 0.540848 0.505263 0.541076 0.535663 0.541895 0.535830 0.536108 0.488875 0.416416 0.472429 0.430245 0.414567 0.557548 0.413112 0.499526 0.448454 0.442524 0.497606 0.526971 0.157519 0.413541 0.496438 0.500243 0.502090 0.498093 0.491646 0.480758 0.534198 0.539691 0.481914 0.488543 0.539142 0.437714 0.491319 0.474331 0.486806 0.135610 0.533903 0.437626 0.734226 0.151654 0.557376 0.423392 0.482357 0.176717 0.558897 0.485055 0.475962 
AB028664   0.208159 0.674707 0.386098 0.297936 0.377438 0.431211 0.433532 0.000000 0.489547 0.472324 0.484324 0.679524 0.589497 0.484202 0.430954 0.434200 0.448663 0.461721 0.450652 0.313728 0.188503 0.184086 0.529879 0.467889 0.478218 0.495855 0.527806 0.482622 0.537018 0.533706 0.539395 0.543986 0.533005 0.470021 0.187634 0.371522 0.365070 0.224065 0.521766 0.185269 0.479937 0.331811 0.304648 0.478397 0.502985 0.430672 0.213670 0.467600 0.479000 0.479046 0.470308 0.471213 0.471454 0.555466 0.537564 0.474445 0.473664 0.542299 0.219971 0.478151 0.460666 0.473818 0.426792 0.575301 0.304920 0.679663 0.445334 0.569273 0.287533 0.485414 0.444944 0.515180 0.477713 0.475024 
AB042432   0.468379 0.686109 0.475678 0.455445 0.478905 0.510957 0.514831 0.489547 0.000000 0.280788 0.288504 0.749714 0.655602 0.293292 0.510432 0.520723 0.517972 0.530255 0.516280 0.471106 0.475743 0.476843 0.303916 0.268423 0.295188 0.305469 0.379713 0.265685 0.354470 0.355824 0.362226 0.367924 0.356503 0.284899 0.478996 0.520231 0.491693 0.475052 0.569951 0.473070 0.285822 0.487943 0.484756 0.283963 0.126344 0.512989 0.474726 0.311488 0.295671 0.296820 0.307436 0.285861 0.354193 0.398122 0.353657 0.284413 0.282897 0.354243 0.481756 0.283172 0.355064 0.298613 0.514287 0.609435 0.468667 0.748850 0.529604 0.399694 0.463621 0.301644 0.511063 0.574614 0.272753 0.360360 
AF010406   0.442629 0.674013 0.449717 0.439892 0.445793 0.488229 0.491631 0.472324 0.280788 0.000000 0.133451 0.737876 0.630379 0.187659 0.492139 0.496247 0.500220 0.510974 0.500331 0.453085 0.455243 0.455448 0.267947 0.213205 0.140442 0.268014 0.308171 0.230994 0.297432 0.297045 0.300740 0.320986 0.300456 0.064240 0.460353 0.496836 0.463586 0.457065 0.575862 0.452520 0.149665 0.475662 0.456808 0.143030 0.287062 0.492255 0.449674 0.156237 0.146661 0.148630 0.155821 0.128699 0.313203 0.340243 0.295611 0.147883 0.129967 0.303227 0.471059 0.144418 0.315539 0.220806 0.478561 0.585457 0.454929 0.736448 0.508673 0.336637 0.445619 0.224798 0.483607 0.582386 0.164462 0.332052 
AF034253   0.447224 0.671037 0.454633 0.452359 0.447968 0.494003 0.495802 0.484324 0.288504 0.133451 0.000000 0.742151 0.638107 0.195743 0.500706 0.499080 0.501606 0.515561 0.510725 0.461862 0.465825 0.465882 0.278170 0.223473 0.165581 0.265351 0.307557 0.234564 0.304916 0.305510 0.312174 0.329970 0.307678 0.134740 0.470462 0.495429 0.481923 0.458666 0.575669 0.462798 0.155520 0.487033 0.469082 0.160959 0.292731 0.500750 0.452932 0.167564 0.165469 0.168013 0.169304 0.144082 0.332611 0.347988 0.304581 0.158211 0.146352 0.310703 0.478050 0.155311 0.324822 0.226219 0.492153 0.599323 0.465822 0.741103 0.512223 0.346129 0.455279 0.226588 0.496346 0.583065 0.171575 0.341916 
AF035170   0.672860 0.855105 0.711179 0.683845 0.705976 0.731174 0.732933 0.679524 0.749714 0.737876 0.742151 0.000000 0.843822 0.744387 0.737425 0.722068 0.747650 0.754019 0.721185 0.695713 0.672804 0.676028 0.797865 0.726267 0.743436 0.746824 0.774935 0.747572 0.760484 0.765899 0.763256 0.768240 0.765911 0.732820 0.678725 0.713181 0.727520 0.685978 0.744096 0.671255 0.740509 0.678313 0.705256 0.735615 0.754903 0.748220 0.679023 0.741710 0.743285 0.745983 0.746086 0.738828 0.754787 0.778505 0.762691 0.743175 0.739885 0.758984 0.685056 0.742985 0.732606 0.733900 0.733870 0.807367 0.680030 0.003205 0.760349 0.790818 0.684097 0.750394 0.719399 0.742055 0.727112 0.736530 
AF039066   0.579840 0.744892 0.438854 0.586540 0.563840 0.551082 0.552824 0.589497 0.655602 0.630379 0.638107 0.843822 0.000000 0.639823 0.451965 0.566421 0.565095 0.571401 0.579112 0.589947 0.575298 0.576570 0.683635 0.620909 0.626122 0.637837 0.647060 0.636330 0.651817 0.652474 0.654191 0.654423 0.650937 0.630491 0.585407 0.616205 0.595686 0.592871 0.702344 0.576235 0.644739 0.612886 0.597385 0.627887 0.644021 0.560712 0.590494 0.634165 0.634709 0.635542 0.636958 0.627511 0.638175 0.677930 0.648821 0.613285 0.628435 0.661214 0.601932 0.618640 0.627649 0.623645 0.531116 0.669079 0.592294 0.844236 0.547712 0.669249 0.584478 0.628296 0.559981 0.700657 0.626304 0.629372 
AF061340   0.450118 0.676801 0.452381 0.456424 0.458164 0.495297 0.497176 0.484202 0.293292 0.187659 0.195743 0.744387 0.639823 0.000000 0.496190 0.496236 0.501504 0.514228 0.496835 0.467981 0.467527 0.465457 0.291007 0.228824 0.201468 0.282584 0.326253 0.237169 0.324949 0.329769 0.331888 0.338918 0.327092 0.188058 0.467568 0.504172 0.474719 0.462358 0.583643 0.463194 0.185524 0.481074 0.470634 0.195218 0.303423 0.498852 0.459125 0.216860 0.189791 0.191708 0.214663 0.180114 0.333291 0.357821 0.324121 0.187956 0.178745 0.331055 0.479339 0.183738 0.337181 0.251654 0.487844 0.601898 0.467461 0.743635 0.507704 0.362112 0.456911 0.241052 0.486563 0.591554 0.186544 0.359321 
AF069423   0.404892 0.640052 0.162702 0.417856 0.385916 0.380086 0.384591 0.430954 0.510432 0.492139 0.500706 0.737425 0.451965 0.496190 0.000000 0.399382 0.400631 0.406500 0.418778 0.432480 0.418830 0.421406 0.539980 0.498239 0.498175 0.502561 0.535887 0.510775 0.531960 0.525674 0.529092 0.534791 0.528511 0.495407 0.419520 0.464467 0.436179 0.421275 0.551076 0.417639 0.488965 0.446521 0.423473 0.489521 0.522303 0.392942 0.413985 0.506886 0.492025 0.494217 0.502695 0.486212 0.484772 0.556936 0.529929 0.478057 0.487964 0.539059 0.438219 0.486315 0.474344 0.487264 0.387015 0.523184 0.431449 0.736267 0.404582 0.565518 0.410781 0.500298 0.400616 0.553666 0.494077 0.473791 
AF090337   0.410563 0.642141 0.348995 0.423264 0.401459 0.145190 0.146596 0.434200 0.520723 0.496247 0.499080 0.722068 0.566421 0.496236 0.399382 0.000000 0.184061 0.215843 0.211255 0.445968 0.408778 0.409671 0.541394 0.486477 0.503691 0.507196 0.543337 0.504617 0.545341 0.540608 0.549238 0.547788 0.541290 0.492129 0.414818 0.472549 0.439740 0.423139 0.561560 0.407791 0.505444 0.450395 0.440584 0.496713 0.531724 0.155362 0.419904 0.495301 0.492269 0.495982 0.495307 0.493037 0.496163 0.555949 0.544540 0.490730 0.490138 0.551152 0.437070 0.491622 0.480253 0.491230 0.160037 0.538077 0.438428 0.721910 0.170470 0.563530 0.424541 0.494152 0.197624 0.560127 0.488117 0.495667 
AF090338   0.420007 0.651770 0.352148 0.436896 0.398423 0.143281 0.144773 0.448663 0.517972 0.500220 0.501606 0.747650 0.565095 0.501504 0.400631 0.184061 0.000000 0.203790 0.231941 0.438389 0.419413 0.418736 0.541128 0.488407 0.509703 0.507955 0.538130 0.506074 0.539965 0.533534 0.543024 0.541702 0.536373 0.500217 0.420861 0.484754 0.448202 0.426741 0.566343 0.416878 0.505090 0.451234 0.452881 0.498345 0.524472 0.182743 0.425867 0.501372 0.500093 0.501201 0.503660 0.494243 0.487783 0.533563 0.537235 0.486688 0.494072 0.544162 0.447912 0.497042 0.478783 0.490927 0.176879 0.537042 0.452470 0.747870 0.191416 0.553074 0.436998 0.492853 0.213707 0.571413 0.494330 0.475180 
AF090340   0.437505 0.651815 0.368856 0.446228 0.416833 0.184834 0.187517 0.461721 0.530255 0.510974 0.515561 0.754019 0.571401 0.514228 0.406500 0.215843 0.203790 0.000000 0.241569 0.454915 0.442871 0.442918 0.553461 0.511041 0.518818 0.527794 0.559019 0.518953 0.556393 0.554370 0.561582 0.556049 0.552855 0.509391 0.449779 0.482994 0.455647 0.446091 0.573942 0.443587 0.517921 0.462982 0.450854 0.511354 0.547212 0.212473 0.444661 0.511232 0.515758 0.517978 0.514644 0.512452 0.491384 0.555487 0.554864 0.507472 0.513006 0.555496 0.460391 0.512254 0.494805 0.506479 0.204305 0.548011 0.457009 0.754763 0.224862 0.572288 0.449817 0.512507 0.220679 0.570272 0.509347 0.497523 
AF090341   0.415106 0.650627 0.382769 0.437485 0.424068 0.208144 0.207313 0.450652 0.516280 0.500331 0.510725 0.721185 0.579112 0.496835 0.418778 0.211255 0.231941 0.241569 0.000000 0.451145 0.426426 0.425021 0.552185 0.498693 0.502039 0.505736 0.531662 0.517480 0.550924 0.548130 0.557035 0.546310 0.549678 0.495834 0.428710 0.482996 0.449511 0.427071 0.565960 0.425393 0.508696 0.453062 0.448276 0.504153 0.526646 0.229849 0.423580 0.496968 0.506368 0.505632 0.496498 0.486461 0.496608 0.546738 0.550025 0.492364 0.485619 0.547517 0.450451 0.494272 0.483010 0.495425 0.217610 0.539586 0.448654 0.721521 0.237663 0.560261 0.429920 0.493419 0.137501 0.569598 0.488953 0.485065 
AF106038   0.264876 0.657627 0.383379 0.174059 0.393377 0.432817 0.437828 0.313728 0.471106 0.453085 0.461862 0.695713 0.589947 0.467981 0.432480 0.445968 0.438389 0.454915 0.451145 0.000000 0.268216 0.268119 0.493143 0.445566 0.463215 0.476527 0.503529 0.461018 0.523598 0.517556 0.525151 0.520450 0.517397 0.453441 0.269391 0.363417 0.366575 0.292306 0.514656 0.262550 0.470217 0.343553 0.314209 0.458484 0.485884 0.446201 0.275132 0.448739 0.466843 0.464495 0.448474 0.454007 0.450729 0.523566 0.523022 0.453260 0.453469 0.514831 0.313796 0.459843 0.441874 0.457064 0.434914 0.548992 0.186415 0.696193 0.450775 0.546666 0.171372 0.467652 0.438416 0.513575 0.460130 0.460295 
AF154850   0.156942 0.651565 0.369037 0.250993 0.365544 0.407914 0.411715 0.188503 0.475743 0.455243 0.465825 0.672804 0.575298 0.467527 0.418830 0.408778 0.419413 0.442871 0.426426 0.268216 0.000000 0.012731 0.506996 0.444897 0.465603 0.471992 0.517961 0.463255 0.518740 0.517072 0.522940 0.521516 0.520446 0.458574 0.035778 0.350396 0.330307 0.168094 0.518344 0.028354 0.463660 0.308447 0.263125 0.461156 0.495707 0.409307 0.165221 0.458263 0.461189 0.459672 0.460833 0.458545 0.452202 0.532519 0.519092 0.459819 0.459437 0.513805 0.201325 0.464490 0.442403 0.458801 0.411037 0.559263 0.262746 0.673241 0.423388 0.541495 0.241486 0.463483 0.421238 0.513894 0.457466 0.457859 
AF154851   0.152881 0.654471 0.370155 0.252105 0.367052 0.409476 0.413824 0.184086 0.476843 0.455448 0.465882 0.676028 0.576570 0.465457 0.421406 0.409671 0.418736 0.442918 0.425021 0.268119 0.012731 0.000000 0.507870 0.444565 0.464824 0.475350 0.517137 0.464869 0.520173 0.517072 0.524879 0.522511 0.519666 0.458826 0.034132 0.349155 0.333452 0.163438 0.518128 0.025882 0.463384 0.311037 0.264968 0.461538 0.497379 0.408284 0.162027 0.458200 0.462946 0.460937 0.461688 0.458053 0.453743 0.534406 0.520344 0.457086 0.459345 0.514129 0.200340 0.463238 0.443256 0.460163 0.410185 0.560372 0.266269 0.676468 0.422800 0.541859 0.242042 0.464602 0.418961 0.512187 0.458741 0.461540 
AJ001562   0.496510 0.712589 0.497521 0.486910 0.498784 0.532748 0.537284 0.529879 0.303916 0.267947 0.278170 0.797865 0.683635 0.291007 0.539980 0.541394 0.541128 0.553461 0.552185 0.493143 0.506996 0.507870 0.000000 0.248302 0.289888 0.294916 0.382518 0.228084 0.360127 0.357976 0.366030 0.378409 0.359169 0.274536 0.510888 0.545141 0.516544 0.510826 0.630527 0.504201 0.273522 0.523898 0.517438 0.269354 0.313899 0.540987 0.506531 0.307399 0.278504 0.280216 0.303573 0.269585 0.368780 0.404798 0.360346 0.272957 0.268463 0.360477 0.516872 0.270885 0.373766 0.282927 0.531222 0.647292 0.499284 0.795749 0.555459 0.400651 0.485418 0.286759 0.539359 0.636798 0.268351 0.388511 
AJ001588   0.435924 0.667904 0.453297 0.438262 0.443679 0.478390 0.482490 0.467889 0.268423 0.213205 0.223473 0.726267 0.620909 0.228824 0.498239 0.486477 0.488407 0.511041 0.498693 0.445566 0.444897 0.444565 0.248302 0.000000 0.227022 0.253386 0.313044 0.202688 0.298842 0.300062 0.306217 0.312876 0.301143 0.220028 0.448242 0.481313 0.466233 0.445243 0.568234 0.443343 0.210454 0.470866 0.455267 0.206064 0.276492 0.485770 0.445157 0.238770 0.211233 0.213053 0.240027 0.204662 0.315317 0.360683 0.300382 0.206394 0.202657 0.299150 0.462776 0.203905 0.316931 0.224503 0.478320 0.589862 0.450753 0.725252 0.502382 0.340423 0.440651 0.226230 0.481580 0.577491 0.214900 0.336720 
AJ010957   0.452180 0.669383 0.448287 0.447078 0.456362 0.494262 0.496843 0.478218 0.295188 0.140442 0.165581 0.743436 0.626122 0.201468 0.498175 0.503691 0.509703 0.518818 0.502039 0.463215 0.465603 0.464824 0.289888 0.227022 0.000000 0.283063 0.306321 0.239584 0.307719 0.308030 0.313673 0.327313 0.305918 0.135244 0.468511 0.495692 0.479174 0.461876 0.573569 0.461355 0.175973 0.482620 0.461611 0.170123 0.301657 0.498334 0.461332 0.158106 0.180979 0.180441 0.157899 0.154270 0.325590 0.356400 0.307056 0.156111 0.152353 0.313963 0.471670 0.156149 0.326542 0.233585 0.490798 0.577338 0.455804 0.742682 0.510183 0.336107 0.451534 0.239725 0.485864 0.581907 0.196641 0.337973 
AJ222767   0.466071 0.678820 0.465689 0.469236 0.456666 0.500735 0.502911 0.495855 0.305469 0.268014 0.265351 0.746824 0.637837 0.282584 0.502561 0.507196 0.507955 0.527794 0.505736 0.476527 0.471992 0.475350 0.294916 0.253386 0.283063 0.000000 0.367689 0.253556 0.336491 0.336699 0.337084 0.349360 0.333654 0.269529 0.472220 0.510458 0.491409 0.478330 0.592039 0.469554 0.277506 0.487730 0.481924 0.276094 0.307273 0.500092 0.473407 0.295156 0.284547 0.284548 0.294393 0.263990 0.351857 0.384912 0.336758 0.271962 0.262130 0.340203 0.493104 0.267451 0.355022 0.277877 0.503899 0.597954 0.477135 0.745644 0.523240 0.370952 0.465977 0.275751 0.504755 0.596108 0.271449 0.353447 
AJ224821   0.495706 0.682239 0.491536 0.493179 0.510389 0.538014 0.540848 0.527806 0.379713 0.308171 0.307557 0.774935 0.647060 0.326253 0.535887 0.543337 0.538130 0.559019 0.531662 0.503529 0.517961 0.517137 0.382518 0.313044 0.306321 0.367689 0.000000 0.335817 0.384028 0.384890 0.390403 0.395232 0.383909 0.307006 0.521767 0.546108 0.529536 0.513057 0.623373 0.519242 0.318798 0.529390 0.527731 0.310292 0.390923 0.553152 0.504731 0.321850 0.316956 0.315251 0.321080 0.304075 0.401971 0.439026 0.383838 0.303409 0.304526 0.388057 0.525330 0.299510 0.383448 0.306685 0.538990 0.614742 0.501982 0.773581 0.561066 0.407987 0.493553 0.290675 0.528563 0.627060 0.317499 0.394842 
AJ238588   0.456709 0.673673 0.469222 0.453834 0.452561 0.500913 0.505263 0.482622 0.265685 0.230994 0.234564 0.747572 0.636330 0.237169 0.510775 0.504617 0.506074 0.518953 0.517480 0.461018 0.463255 0.464869 0.228084 0.202688 0.239584 0.253556 0.335817 0.000000 0.320978 0.320192 0.327111 0.342693 0.321534 0.234750 0.469753 0.502800 0.481341 0.471970 0.586493 0.460265 0.228677 0.474314 0.476014 0.222852 0.273271 0.506672 0.466480 0.255462 0.235158 0.234525 0.254989 0.223595 0.317537 0.370502 0.320898 0.226920 0.224009 0.326678 0.477063 0.222555 0.318017 0.238691 0.497551 0.594603 0.464219 0.746358 0.520732 0.357277 0.459973 0.239458 0.503387 0.596478 0.224840 0.332441 
D38112     0.509908 0.701896 0.492520 0.506390 0.519252 0.535459 0.541076 0.537018 0.354470 0.297432 0.304916 0.760484 0.651817 0.324949 0.531960 0.545341 0.539965 0.556393 0.550924 0.523598 0.518740 0.520173 0.360127 0.298842 0.307719 0.336491 0.384028 0.320978 0.000000 0.048149 0.060571 0.130538 0.047407 0.298449 0.525150 0.542166 0.533749 0.524536 0.616131 0.519147 0.315046 0.528203 0.523710 0.305073 0.362628 0.538341 0.516690 0.317236 0.308249 0.309929 0.322600 0.290056 0.409343 0.431089 0.006087 0.291746 0.287382 0.124972 0.538606 0.285463 0.404657 0.319959 0.537382 0.617655 0.523376 0.759680 0.550507 0.225020 0.508973 0.324389 0.534990 0.620959 0.309500 0.404251 
D38113     0.504380 0.701091 0.494869 0.504058 0.518360 0.530922 0.535663 0.533706 0.355824 0.297045 0.305510 0.765899 0.652474 0.329769 0.525674 0.540608 0.533534 0.554370 0.548130 0.517556 0.517072 0.517072 0.357976 0.300062 0.308030 0.336699 0.384890 0.320192 0.048149 0.000000 0.063200 0.130411 0.025453 0.298810 0.522263 0.547516 0.533667 0.520081 0.614733 0.512696 0.312420 0.524602 0.523886 0.303614 0.362439 0.534957 0.511978 0.319437 0.307104 0.309720 0.323910 0.288307 0.404962 0.431116 0.046501 0.291264 0.285765 0.124917 0.535028 0.287549 0.403700 0.316282 0.532861 0.617624 0.521382 0.764788 0.549290 0.220953 0.506182 0.321275 0.530998 0.616953 0.309125 0.399443 
D38114     0.513812 0.701940 0.499565 0.509760 0.518235 0.540305 0.541895 0.539395 0.362226 0.300740 0.312174 0.763256 0.654191 0.331888 0.529092 0.549238 0.543024 0.561582 0.557035 0.525151 0.522940 0.524879 0.366030 0.306217 0.313673 0.337084 0.390403 0.327111 0.060571 0.063200 0.000000 0.131483 0.060691 0.303017 0.528591 0.548738 0.541124 0.530259 0.618010 0.520413 0.317970 0.531350 0.529447 0.311686 0.370977 0.542786 0.523609 0.322802 0.311766 0.312720 0.327038 0.293145 0.407835 0.439164 0.060314 0.293063 0.289709 0.125215 0.538681 0.291223 0.409670 0.327528 0.538275 0.619688 0.522691 0.761850 0.559238 0.228019 0.515629 0.326475 0.538700 0.624769 0.314397 0.408497 
D38115     0.515351 0.699720 0.498632 0.511740 0.529517 0.533413 0.535830 0.543986 0.367924 0.320986 0.329970 0.768240 0.654423 0.338918 0.534791 0.547788 0.541702 0.556049 0.546310 0.520450 0.521516 0.522511 0.378409 0.312876 0.327313 0.349360 0.395232 0.342693 0.130538 0.130411 0.131483 0.000000 0.126908 0.321034 0.525827 0.550794 0.537008 0.529103 0.608908 0.520608 0.334339 0.531144 0.532705 0.327581 0.372930 0.540439 0.523531 0.337509 0.323688 0.323875 0.337967 0.310199 0.413971 0.441962 0.130119 0.306731 0.308135 0.143358 0.538223 0.300508 0.411931 0.342776 0.537672 0.623383 0.524280 0.766944 0.556393 0.230566 0.514068 0.341256 0.531832 0.618204 0.327629 0.412932 
D38116     0.502020 0.701693 0.497230 0.502833 0.516211 0.532277 0.536108 0.533005 0.356503 0.300456 0.307678 0.765911 0.650937 0.327092 0.528511 0.541290 0.536373 0.552855 0.549678 0.517397 0.520446 0.519666 0.359169 0.301143 0.305918 0.333654 0.383909 0.321534 0.047407 0.025453 0.060691 0.126908 0.000000 0.300354 0.523797 0.548300 0.531527 0.522908 0.616210 0.515791 0.311217 0.523243 0.523927 0.306220 0.362065 0.537094 0.511233 0.319921 0.307481 0.310095 0.323435 0.289802 0.405328 0.437173 0.046322 0.290534 0.286650 0.121623 0.535794 0.284949 0.404467 0.319663 0.534552 0.617697 0.520805 0.764802 0.551037 0.217914 0.507280 0.324388 0.537466 0.619370 0.309931 0.399942 
J01394     0.441275 0.672358 0.451014 0.435358 0.445124 0.485740 0.488875 0.470021 0.284899 0.064240 0.134740 0.732820 0.630491 0.188058 0.495407 0.492129 0.500217 0.509391 0.495834 0.453441 0.458574 0.458826 0.274536 0.220028 0.135244 0.269529 0.307006 0.234750 0.298449 0.298810 0.303017 0.321034 0.300354 0.000000 0.461604 0.491805 0.455689 0.457176 0.584878 0.453892 0.146098 0.471775 0.449990 0.149442 0.292555 0.492613 0.455027 0.152710 0.150114 0.154332 0.150110 0.134229 0.318161 0.339154 0.295429 0.151538 0.136918 0.307466 0.464445 0.147055 0.318419 0.224030 0.475259 0.579190 0.448212 0.731839 0.501619 0.336120 0.440003 0.230759 0.480801 0.585069 0.169779 0.336003 
L29771     0.156761 0.658081 0.371130 0.253726 0.364727 0.412710 0.416416 0.187634 0.478996 0.460353 0.470462 0.678725 0.585407 0.467568 0.419520 0.414818 0.420861 0.449779 0.428710 0.269391 0.035778 0.034132 0.510888 0.448242 0.468511 0.472220 0.521767 0.469753 0.525150 0.522263 0.528591 0.525827 0.523797 0.461604 0.000000 0.352524 0.333268 0.169303 0.519018 0.034080 0.464794 0.314634 0.268325 0.462512 0.499885 0.413553 0.164831 0.460545 0.462056 0.460568 0.463198 0.460759 0.453999 0.539605 0.525505 0.461775 0.461797 0.518813 0.198939 0.466456 0.441650 0.461067 0.414404 0.561154 0.267755 0.680113 0.426145 0.548854 0.246904 0.465999 0.424560 0.515979 0.459621 0.460853 
L42813     0.348242 0.671632 0.423435 0.355412 0.420029 0.468581 0.472429 0.371522 0.520231 0.496836 0.495429 0.713181 0.616205 0.504172 0.464467 0.472549 0.484754 0.482994 0.482996 0.363417 0.350396 0.349155 0.545141 0.481313 0.495692 0.510458 0.546108 0.502800 0.542166 0.547516 0.548738 0.550794 0.548300 0.491805 0.352524 0.000000 0.433497 0.368703 0.522914 0.346956 0.498343 0.395793 0.366726 0.495520 0.524579 0.475510 0.360210 0.488613 0.498429 0.497821 0.489963 0.491209 0.488956 0.552211 0.540182 0.491508 0.492629 0.542103 0.375170 0.489327 0.470740 0.492125 0.472977 0.580997 0.366437 0.712651 0.491908 0.575493 0.352058 0.483734 0.465023 0.523566 0.502061 0.490837 
M10217     0.330818 0.672524 0.386000 0.352206 0.395139 0.426656 0.430245 0.365070 0.491693 0.463586 0.481923 0.727520 0.595686 0.474719 0.436179 0.439740 0.448202 0.455647 0.449511 0.366575 0.330307 0.333452 0.516544 0.466233 0.479174 0.491409 0.529536 0.481341 0.533749 0.533667 0.541124 0.537008 0.531527 0.455689 0.333268 0.433497 0.000000 0.346795 0.540389 0.326948 0.472348 0.383599 0.361165 0.481792 0.501908 0.434782 0.341640 0.471784 0.480488 0.478795 0.470135 0.465166 0.465032 0.534471 0.533156 0.465263 0.466782 0.535071 0.373239 0.473396 0.458900 0.476366 0.437121 0.593099 0.355770 0.728096 0.452014 0.564200 0.348084 0.480769 0.443425 0.540849 0.469687 0.463734 
M91245     0.118196 0.667273 0.378057 0.270151 0.378314 0.411444 0.414567 0.224065 0.475052 0.457065 0.458666 0.685978 0.592871 0.462358 0.421275 0.423139 0.426741 0.446091 0.427071 0.292306 0.168094 0.163438 0.510826 0.445243 0.461876 0.478330 0.513057 0.471970 0.524536 0.520081 0.530259 0.529103 0.522908 0.457176 0.169303 0.368703 0.346795 0.000000 0.517398 0.163014 0.464366 0.317466 0.283264 0.458449 0.496016 0.416131 0.125876 0.454867 0.460187 0.462009 0.458702 0.455896 0.454559 0.541895 0.523627 0.459836 0.454758 0.521608 0.228048 0.463477 0.448981 0.466838 0.417256 0.560913 0.279308 0.686082 0.430521 0.551980 0.256837 0.459813 0.425088 0.509525 0.454291 0.462683 
U11880     0.494402 0.682958 0.520356 0.518363 0.534212 0.555321 0.557548 0.521766 0.569951 0.575862 0.575669 0.744096 0.702344 0.583643 0.551076 0.561560 0.566343 0.573942 0.565960 0.514656 0.518344 0.518128 0.630527 0.568234 0.573569 0.592039 0.623373 0.586493 0.616131 0.614733 0.618010 0.608908 0.616210 0.584878 0.519018 0.522914 0.540389 0.517398 0.000000 0.514900 0.582152 0.510177 0.513201 0.577961 0.589603 0.571026 0.503668 0.579902 0.586061 0.585988 0.580023 0.582625 0.575984 0.625325 0.614240 0.565883 0.580933 0.612705 0.522666 0.576704 0.578687 0.579293 0.561112 0.663398 0.513516 0.743488 0.580686 0.638503 0.503736 0.582717 0.554695 0.069015 0.570159 0.589670 
U12143     0.151990 0.651439 0.366678 0.247495 0.362254 0.409421 0.413112 0.185269 0.473070 0.452520 0.462798 0.671255 0.576235 0.463194 0.417639 0.407791 0.416878 0.443587 0.425393 0.262550 0.028354 0.025882 0.504201 0.443343 0.461355 0.469554 0.519242 0.460265 0.519147 0.512696 0.520413 0.520608 0.515791 0.453892 0.034080 0.346956 0.326948 0.163014 0.514900 0.000000 0.458121 0.308280 0.263332 0.457285 0.492044 0.409351 0.161096 0.451871 0.458614 0.456614 0.454740 0.453678 0.448347 0.534474 0.519499 0.454333 0.455241 0.512083 0.198381 0.460801 0.436078 0.458466 0.409449 0.554140 0.261032 0.671692 0.422222 0.539326 0.239808 0.461073 0.419322 0.510711 0.453573 0.455437 
U20753     0.452296 0.674432 0.457490 0.452593 0.456273 0.493441 0.499526 0.479937 0.285822 0.149665 0.155520 0.740509 0.644739 0.185524 0.488965 0.505444 0.505090 0.517921 0.508696 0.470217 0.463660 0.463384 0.273522 0.210454 0.175973 0.277506 0.318798 0.228677 0.315046 0.312420 0.317970 0.334339 0.311217 0.146098 0.464794 0.498343 0.472348 0.464366 0.582152 0.458121 0.000000 0.489419 0.470561 0.111623 0.287712 0.499796 0.458684 0.194796 0.119705 0.120911 0.193158 0.135887 0.329653 0.356260 0.314250 0.145759 0.136215 0.317664 0.468893 0.143642 0.325680 0.233745 0.495285 0.600968 0.467499 0.739434 0.514435 0.348906 0.454235 0.231766 0.500575 0.591575 0.167895 0.345844 
U62532     0.299345 0.656730 0.403793 0.334261 0.402806 0.446068 0.448454 0.331811 0.487943 0.475662 0.487033 0.678313 0.612886 0.481074 0.446521 0.450395 0.451234 0.462982 0.453062 0.343553 0.308447 0.311037 0.523898 0.470866 0.482620 0.487730 0.529390 0.474314 0.528203 0.524602 0.531350 0.531144 0.523243 0.471775 0.314634 0.395793 0.383599 0.317466 0.510177 0.308280 0.489419 0.000000 0.339344 0.478558 0.492318 0.446625 0.307939 0.476695 0.490442 0.487904 0.480815 0.473372 0.471488 0.531843 0.527113 0.478827 0.474300 0.525599 0.335783 0.482142 0.455819 0.470377 0.446498 0.576349 0.346181 0.677522 0.468693 0.569789 0.328646 0.476591 0.447018 0.509808 0.480147 0.466041 
U82228     0.260039 0.649265 0.378585 0.288667 0.377409 0.436404 0.442524 0.304648 0.484756 0.456808 0.469082 0.705256 0.597385 0.470634 0.423473 0.440584 0.452881 0.450854 0.448276 0.314209 0.263125 0.264968 0.517438 0.455267 0.461611 0.481924 0.527731 0.476014 0.523710 0.523886 0.529447 0.532705 0.523927 0.449990 0.268325 0.366726 0.361165 0.283264 0.513201 0.263332 0.470561 0.339344 0.000000 0.464744 0.492633 0.434611 0.268300 0.457408 0.458776 0.457056 0.458240 0.460412 0.442861 0.538302 0.522725 0.463429 0.461021 0.528697 0.314367 0.460741 0.453405 0.456305 0.426730 0.559650 0.296651 0.704909 0.451940 0.556400 0.280398 0.469717 0.441983 0.505194 0.462653 0.459283 
U96639     0.447735 0.680265 0.446579 0.443282 0.449721 0.492640 0.497606 0.478397 0.283963 0.143030 0.160959 0.735615 0.627887 0.195218 0.489521 0.496713 0.498345 0.511354 0.504153 0.458484 0.461156 0.461538 0.269354 0.206064 0.170123 0.276094 0.310292 0.222852 0.305073 0.303614 0.311686 0.327581 0.306220 0.149442 0.462512 0.495520 0.481792 0.458449 0.577961 0.457285 0.111623 0.478558 0.464744 0.000000 0.290578 0.493543 0.456782 0.194900 0.105973 0.106491 0.196654 0.136052 0.326104 0.348072 0.304303 0.149090 0.133833 0.305892 0.470909 0.145996 0.324366 0.225714 0.486830 0.597588 0.449727 0.734919 0.510060 0.348109 0.446561 0.225049 0.492216 0.584374 0.165519 0.339476 
X14848     0.479866 0.698497 0.489465 0.477372 0.495274 0.520264 0.526971 0.502985 0.126344 0.287062 0.292731 0.754903 0.644021 0.303423 0.522303 0.531724 0.524472 0.547212 0.526646 0.485884 0.495707 0.497379 0.313899 0.276492 0.301657 0.307273 0.390923 0.273271 0.362628 0.362439 0.370977 0.372930 0.362065 0.292555 0.499885 0.524579 0.501908 0.496016 0.589603 0.492044 0.287712 0.492318 0.492633 0.290578 0.000000 0.525745 0.488035 0.315743 0.302248 0.302961 0.313820 0.287425 0.361242 0.397951 0.361051 0.289117 0.280045 0.362565 0.496505 0.284986 0.364660 0.305939 0.526639 0.610543 0.487404 0.754384 0.539357 0.405027 0.482906 0.303170 0.513948 0.597529 0.285088 0.370655 
X52392     0.405544 0.644929 0.345659 0.423929 0.396809 0.156205 0.157519 0.430672 0.512989 0.492255 0.500750 0.748220 0.560712 0.498852 0.392942 0.155362 0.182743 0.212473 0.229849 0.446201 0.409307 0.408284 0.540987 0.485770 0.498334 0.500092 0.553152 0.506672 0.538341 0.534957 0.542786 0.540439 0.537094 0.492613 0.413553 0.475510 0.434782 0.416131 0.571026 0.409351 0.499796 0.446625 0.434611 0.493543 0.525745 0.000000 0.414373 0.499540 0.498327 0.500520 0.498253 0.493455 0.487767 0.553323 0.536104 0.485721 0.491769 0.541230 0.436554 0.493646 0.476626 0.499012 0.160471 0.522646 0.440603 0.748550 0.171911 0.559008 0.426418 0.490667 0.210975 0.570808 0.493090 0.478479 
X61010     0.032202 0.653857 0.367892 0.259439 0.380013 0.409608 0.413541 0.213670 0.474726 0.449674 0.452932 0.679023 0.590494 0.459125 0.413985 0.419904 0.425867 0.444661 0.423580 0.275132 0.165221 0.162027 0.506531 0.445157 0.461332 0.473407 0.504731 0.466480 0.516690 0.511978 0.523609 0.523531 0.511233 0.455027 0.164831 0.360210 0.341640 0.125876 0.503668 0.161096 0.458684 0.307939 0.268300 0.456782 0.488035 0.414373 0.000000 0.453390 0.458315 0.458728 0.454921 0.448814 0.455026 0.539225 0.515545 0.453497 0.447597 0.514240 0.219148 0.460464 0.445081 0.459217 0.414767 0.552832 0.270730 0.677305 0.432072 0.545810 0.243578 0.462013 0.419717 0.499224 0.453157 0.454854 
X61145     0.445181 0.670830 0.456941 0.444196 0.458948 0.491287 0.496438 0.467600 0.311488 0.156237 0.167564 0.741710 0.634165 0.216860 0.506886 0.495301 0.501372 0.511232 0.496968 0.448739 0.458263 0.458200 0.307399 0.238770 0.158106 0.295156 0.321850 0.255462 0.317236 0.319437 0.322802 0.337509 0.319921 0.152710 0.460545 0.488613 0.471784 0.454867 0.579902 0.451871 0.194796 0.476695 0.457408 0.194900 0.315743 0.499540 0.453390 0.000000 0.188294 0.188896 0.029952 0.170561 0.334241 0.374602 0.317121 0.178210 0.169212 0.322749 0.470405 0.176946 0.334470 0.235428 0.484007 0.585899 0.450947 0.742522 0.514025 0.354404 0.436921 0.247751 0.482313 0.586744 0.213151 0.353325 
X63726     0.449745 0.681751 0.450399 0.455332 0.452360 0.494677 0.500243 0.479000 0.295671 0.146661 0.165469 0.743285 0.634709 0.189791 0.492025 0.492269 0.500093 0.515758 0.506368 0.466843 0.461189 0.462946 0.278504 0.211233 0.180979 0.284547 0.316956 0.235158 0.308249 0.307104 0.311766 0.323688 0.307481 0.150114 0.462056 0.498429 0.480488 0.460187 0.586061 0.458614 0.119705 0.490442 0.458776 0.105973 0.302248 0.498327 0.458315 0.188294 0.000000 0.016279 0.188314 0.144340 0.326117 0.348401 0.307361 0.148672 0.144384 0.310353 0.470839 0.146959 0.326898 0.227828 0.486947 0.587055 0.458032 0.742234 0.510843 0.348943 0.454762 0.225543 0.492698 0.589172 0.168622 0.348081 
X72004     0.450741 0.680250 0.451574 0.452768 0.450188 0.497632 0.502090 0.479046 0.296820 0.148630 0.168013 0.745983 0.635542 0.191708 0.494217 0.495982 0.501201 0.517978 0.505632 0.464495 0.459672 0.460937 0.280216 0.213053 0.180441 0.284548 0.315251 0.234525 0.309929 0.309720 0.312720 0.323875 0.310095 0.154332 0.460568 0.497821 0.478795 0.462009 0.585988 0.456614 0.120911 0.487904 0.457056 0.106491 0.302961 0.500520 0.458728 0.188896 0.016279 0.000000 0.190641 0.145278 0.324763 0.348089 0.309118 0.147305 0.144478 0.311605 0.473197 0.147360 0.325886 0.228802 0.489300 0.590353 0.457675 0.744950 0.512584 0.348955 0.453658 0.225207 0.495174 0.589847 0.169994 0.348988 
X72204     0.447230 0.676821 0.457719 0.446342 0.462129 0.491693 0.498093 0.470308 0.307436 0.155821 0.169304 0.746086 0.636958 0.214663 0.502695 0.495307 0.503660 0.514644 0.496498 0.448474 0.460833 0.461688 0.303573 0.240027 0.157899 0.294393 0.321080 0.254989 0.322600 0.323910 0.327038 0.337967 0.323435 0.150110 0.463198 0.489963 0.470135 0.458702 0.580023 0.454740 0.193158 0.480815 0.458240 0.196654 0.313820 0.498253 0.454921 0.029952 0.188314 0.190641 0.000000 0.169023 0.335227 0.374763 0.322632 0.177044 0.167802 0.324106 0.471922 0.174071 0.332600 0.237245 0.484644 0.584332 0.451732 0.746392 0.512846 0.358955 0.441107 0.250203 0.483349 0.588981 0.210975 0.354944 
X79547     0.442245 0.662560 0.449513 0.446739 0.452063 0.484577 0.491646 0.471213 0.285861 0.128699 0.144082 0.738828 0.627511 0.180114 0.486212 0.493037 0.494243 0.512452 0.486461 0.454007 0.458545 0.458053 0.269585 0.204662 0.154270 0.263990 0.304075 0.223595 0.290056 0.288307 0.293145 0.310199 0.289802 0.134229 0.460759 0.491209 0.465166 0.455896 0.582625 0.453678 0.135887 0.473372 0.460412 0.136052 0.287425 0.493455 0.448814 0.170561 0.144340 0.145278 0.169023 0.000000 0.315796 0.352320 0.290413 0.102603 0.019515 0.292719 0.468067 0.098548 0.310678 0.215025 0.478751 0.579018 0.453617 0.737005 0.504024 0.322762 0.442795 0.214784 0.481882 0.587620 0.158853 0.330123 
X83427     0.445663 0.681784 0.445206 0.440509 0.442528 0.479515 0.480758 0.471454 0.354193 0.313203 0.332611 0.754787 0.638175 0.333291 0.484772 0.496163 0.487783 0.491384 0.496608 0.450729 0.452202 0.453743 0.368780 0.315317 0.325590 0.351857 0.401971 0.317537 0.409343 0.404962 0.407835 0.413971 0.405328 0.318161 0.453999 0.488956 0.465032 0.454559 0.575984 0.448347 0.329653 0.471488 0.442861 0.326104 0.361242 0.487767 0.455026 0.334241 0.326117 0.324763 0.335227 0.315796 0.000000 0.411239 0.407771 0.319320 0.313558 0.398138 0.468221 0.319326 0.286897 0.323741 0.480222 0.581674 0.442246 0.754788 0.494809 0.427690 0.445658 0.321042 0.484091 0.575889 0.322311 0.300877 
X88898     0.531547 0.695713 0.517743 0.526566 0.519532 0.532527 0.534198 0.555466 0.398122 0.340243 0.347988 0.778505 0.677930 0.357821 0.556936 0.555949 0.533563 0.555487 0.546738 0.523566 0.532519 0.534406 0.404798 0.360683 0.356400 0.384912 0.439026 0.370502 0.431089 0.431116 0.439164 0.441962 0.437173 0.339154 0.539605 0.552211 0.534471 0.541895 0.625325 0.534474 0.356260 0.531843 0.538302 0.348072 0.397951 0.553323 0.539225 0.374602 0.348401 0.348089 0.374763 0.352320 0.411239 0.000000 0.428968 0.352448 0.349908 0.433023 0.547083 0.351639 0.406342 0.371009 0.544216 0.622870 0.537013 0.777124 0.563525 0.450318 0.520859 0.370603 0.539915 0.630814 0.333422 0.415596 
X93334     0.508338 0.700565 0.491561 0.506112 0.517645 0.534081 0.539691 0.537564 0.353657 0.295611 0.304581 0.762691 0.648821 0.324121 0.529929 0.544540 0.537235 0.554864 0.550025 0.523022 0.519092 0.520344 0.360346 0.300382 0.307056 0.336758 0.383838 0.320898 0.006087 0.046501 0.060314 0.130119 0.046322 0.295429 0.525505 0.540182 0.533156 0.523627 0.614240 0.519499 0.314250 0.527113 0.522725 0.304303 0.361051 0.536104 0.515545 0.317121 0.307361 0.309118 0.322632 0.290413 0.407771 0.428968 0.000000 0.292118 0.287202 0.125029 0.538029 0.285390 0.402345 0.319227 0.534512 0.614797 0.523136 0.761887 0.547584 0.223644 0.507899 0.322763 0.533664 0.618531 0.308050 0.401237 
X97336     0.444087 0.654068 0.439335 0.442953 0.453715 0.478733 0.481914 0.474445 0.284413 0.147883 0.158211 0.743175 0.613285 0.187956 0.478057 0.490730 0.486688 0.507472 0.492364 0.453260 0.459819 0.457086 0.272957 0.206394 0.156111 0.271962 0.303409 0.226920 0.291746 0.291264 0.293063 0.306731 0.290534 0.151538 0.461775 0.491508 0.465263 0.459836 0.565883 0.454333 0.145759 0.478827 0.463429 0.149090 0.289117 0.485721 0.453497 0.178210 0.148672 0.147305 0.177044 0.102603 0.319320 0.352448 0.292118 0.000000 0.101769 0.294428 0.467297 0.060166 0.319195 0.219659 0.480709 0.574362 0.451597 0.741899 0.500374 0.323411 0.446361 0.226470 0.480636 0.575074 0.168076 0.336503 
X97337     0.441177 0.663980 0.448063 0.445474 0.453326 0.481973 0.488543 0.473664 0.282897 0.129967 0.146352 0.739885 0.628435 0.178745 0.487964 0.490138 0.494072 0.513006 0.485619 0.453469 0.459437 0.459345 0.268463 0.202657 0.152353 0.262130 0.304526 0.224009 0.287382 0.285765 0.289709 0.308135 0.286650 0.136918 0.461797 0.492629 0.466782 0.454758 0.580933 0.455241 0.136215 0.474300 0.461021 0.133833 0.280045 0.491769 0.447597 0.169212 0.144384 0.144478 0.167802 0.019515 0.313558 0.349908 0.287202 0.101769 0.000000 0.292415 0.468994 0.097418 0.311723 0.214047 0.478360 0.574862 0.452805 0.738062 0.504266 0.321527 0.442123 0.213140 0.478316 0.584081 0.163235 0.329162 
X99256     0.507622 0.698844 0.500923 0.506518 0.515602 0.537292 0.539142 0.542299 0.354243 0.303227 0.310703 0.758984 0.661214 0.331055 0.539059 0.551152 0.544162 0.555496 0.547517 0.514831 0.513805 0.514129 0.360477 0.299150 0.313963 0.340203 0.388057 0.326678 0.124972 0.124917 0.125215 0.143358 0.121623 0.307466 0.518813 0.542103 0.535071 0.521608 0.612705 0.512083 0.317664 0.525599 0.528697 0.305892 0.362565 0.541230 0.514240 0.322749 0.310353 0.311605 0.324106 0.292719 0.398138 0.433023 0.125029 0.294428 0.292415 0.000000 0.533022 0.292314 0.406208 0.330235 0.538865 0.621668 0.521064 0.758514 0.559817 0.221503 0.510143 0.325186 0.540311 0.619620 0.312369 0.401474 
