44
FL-1-103   0        0.288634 0.308015 0.47931  0.469506 0.51467  0.540989 0.590822 0.573841 1.28379  1.2695   1.13987  1.18907  0.979689 1.20189  1.29835  1.22821  1.17646  1.18907  1.17646  1.12806  1.24172  1.20189  1.10498  0.979689 1.01917  0.99917  1.07164  0.970134 1.17646  1.10498  1.34382  1.44397  1.02938  0.715073 0.701679 0.742599 1.07164  0.728709 0.78588  0.638082 0.638082 0.771174 0.620009 
OSH-1-103  0.288634 0        0.251313 0.474392 0.509515 0.464652 0.509515 0.557235 0.579459 1.17646  1.29835  1.08259  1.0091   0.872363 1.10498  1.0937   1.15187  1.12806  1.12806  1.10498  1.06085  1.12806  1.11643  1.08259  0.897789 0.970134 1.0091   0.99917  0.970134 1.03972  0.970134 1.24172  1.29835  0.915232 0.662878 0.650377 0.778491 0.989366 0.808495 0.823959 0.662878 0.682028 0.742599 0.701679 
CEU-1-103  0.308015 0.251313 0        0.489244 0.431523 0.450274 0.525087 0.51986  0.55178  1.22821  1.16406  1.0937   1.07164  0.942181 1.10498  1.0937   1.17646  1.05021  1.0937   1.05021  1.01917  1.17646  1.20189  1.16406  0.951383 1.08259  0.99917  1.03972  0.951383 1.0091   1.0091   1.3132   1.3132   1.01917  0.715073 0.662878 0.75675  0.93309  0.823959 0.855879 0.67559  0.650377 0.72186  0.701679 
TH-1-103   0.47931  0.474392 0.489244 0        0.304099 0.31591  0.269742 0.319889 0.360883 1.08259  1.16406  1.11643  1.24172  1.2695   1.22821  1.16406  1.07164  1.16406  1.13987  1.0937   1.25548  1.16406  1.18907  1.12806  1.42632  1.34382  1.48056  1.15187  1.11643  1.62484  1.55958  1.34382  1.22821  1.53903  0.78588  0.778491 0.688521 0.793343 0.793343 0.90646  0.924108 0.942181 0.872363 0.90646  
CAa1-103   0.469506 0.509515 0.431523 0.304099 0        0.356681 0.323889 0.308015 0.3866   1.0937   1.16406  1.06085  1.16406  1.24172  1.12806  1.0937   1.05021  1.05021  1.05021  0.951383 1.0937   1.16406  1.16406  1.06085  1.44397  1.34382  1.35961  1.0937   1.05021  1.53903  1.55958  1.3132   1.29835  1.58071  0.763927 0.771174 0.793343 0.889218 0.793343 0.989366 0.951383 0.924108 0.872363 0.847771 
CAb1-103   0.51467  0.464652 0.450274 0.31591  0.356681 0        0.284818 0.331953 0.277242 1.0937   1.18907  1.28379  1.32836  1.40908  1.34382  1.15187  1.12806  1.2695   1.17646  1.24172  1.18907  1.18907  1.28379  1.10498  1.42632  1.34382  1.55958  1.24172  1.18907  1.60245  1.42632  1.34382  1.17646  1.62484  0.75675  0.75675  0.735622 0.763927 0.742599 0.889218 0.90646  0.880743 0.808495 0.855879 
SI-1-103   0.540989 0.509515 0.525087 0.269742 0.323889 0.284818 0        0.229781 0.377929 1.05021  1.05021  1.21493  1.42632  1.55958  1.34382  1.17646  1.0937   1.18907  1.17646  1.16406  1.18907  1.0937   1.25548  1.16406  1.55958  1.46204  1.64792  1.24172  1.2695   1.83306  1.80365  1.3132   1.16406  1.74807  0.823959 0.816187 0.763927 0.771174 0.847771 1.02938  1.07164  1.08259  1.0091   1.02938  
LU-1-103   0.590822 0.557235 0.51986  0.319889 0.308015 0.331953 0.229781 0        0.377929 1.03972  1.05021  1.22821  1.39222  1.49955  1.37574  1.16406  1.21493  1.21493  1.22821  1.17646  1.17646  1.20189  1.28379  1.10498  1.58071  1.40908  1.69632  1.21493  1.28379  1.72175  1.64792  1.3132   1.15187  1.86368  0.816187 0.778491 0.75675  0.778491 0.823959 0.93309  0.9607   0.979689 0.970134 0.889218 
SU-1-103   0.573841 0.579459 0.55178  0.360883 0.3866   0.277242 0.377929 0.377929 0        1.06085  1.15187  1.35961  1.39222  1.53903  1.48056  1.20189  1.24172  1.29835  1.20189  1.18907  1.28379  1.16406  1.32836  1.25548  1.64792  1.34382  1.46204  1.20189  1.20189  1.64792  1.80365  1.15187  1.12806  1.86368  0.763927 0.793343 0.708346 0.728709 0.816187 0.951383 1.0937   0.989366 0.942181 1.02938  
RP-56-175  1.28379  1.17646  1.22821  1.08259  1.0937   1.0937   1.05021  1.03972  1.06085  0        0.212297 0.336019 0.284818 0.426908 0.344215 0.304099 0.292471 0.31591  0.273482 0.277242 0.212297 0.28102  0.308015 0.251313 0.469506 0.417761 0.41323  0.377929 0.422321 0.778491 0.749641 0.728709 0.75675  0.749641 0.855879 0.78588  0.728709 0.915232 1.05021  1.12806  1.0091   0.989366 0.93309  1.03972  
A-14-133   1.2695   1.29835  1.16406  1.16406  1.16406  1.18907  1.05021  1.05021  1.15187  0.212297 0        0.352503 0.300203 0.450274 0.323889 0.304099 0.300203 0.31591  0.308015 0.308015 0.247681 0.319889 0.365108 0.340106 0.44084  0.417761 0.41323  0.408725 0.404247 0.839749 0.763927 0.778491 0.742599 0.778491 0.880743 0.847771 0.823959 0.915232 1.07164  1.01917  1.05021  0.99917  1.02938  1.02938  
PR-57-176  1.13987  1.08259  1.0937   1.11643  1.06085  1.28379  1.21493  1.22821  1.35961  0.336019 0.352503 0        0.277242 0.308015 0.244067 0.31591  0.319889 0.25863  0.28102  0.277242 0.331953 0.352503 0.369357 0.319889 0.426908 0.373631 0.352503 0.431523 0.41323  0.695072 0.67559  0.771174 0.749641 0.662878 0.855879 0.816187 0.823959 1.07164  0.99917  1.03972  0.942181 0.951383 0.9607   0.9607   
PY-61-180  1.18907  1.0091   1.07164  1.24172  1.16406  1.32836  1.42632  1.39222  1.39222  0.284818 0.300203 0.277242 0        0.226251 0.244067 0.23689  0.244067 0.28102  0.247681 0.247681 0.215762 0.219242 0.25863  0.24047  0.319889 0.323889 0.304099 0.352503 0.336019 0.620009 0.625985 0.75675  0.749641 0.656602 0.855879 0.771174 0.864076 1.06085  1.11643  0.99917  0.970134 0.872363 0.897789 0.989366 
MGI-58-176 0.979689 0.872363 0.942181 1.2695   1.24172  1.40908  1.55958  1.49955  1.53903  0.426908 0.450274 0.308015 0.226251 0        0.311952 0.300203 0.344215 0.340106 0.340106 0.319889 0.31591  0.369357 0.348348 0.331953 0.23689  0.23689  0.226251 0.373631 0.365108 0.562729 0.53035  0.728709 0.808495 0.499311 0.735622 0.701679 0.80088  1.12806  0.970134 1.0091   0.728709 0.742599 0.847771 0.808495 
SCR-58-177 1.20189  1.10498  1.10498  1.22821  1.12806  1.34382  1.34382  1.37574  1.48056  0.344215 0.323889 0.244067 0.244067 0.311952 0        0.254963 0.336019 0.28102  0.233327 0.251313 0.25863  0.300203 0.340106 0.273482 0.377929 0.360883 0.348348 0.41323  0.3866   0.688521 0.625985 0.749641 0.831813 0.656602 0.872363 0.823959 0.855879 0.951383 1.0937   1.0937   0.942181 0.924108 0.90646  0.880743 
SA-60-179  1.29835  1.0937   1.0937   1.16406  1.0937   1.15187  1.17646  1.16406  1.20189  0.304099 0.304099 0.31591  0.23689  0.300203 0.254963 0        0.300203 0.273482 0.26602  0.277242 0.208849 0.308015 0.273482 0.28102  0.369357 0.382252 0.369357 0.373631 0.41323  0.728709 0.695072 0.808495 0.793343 0.682028 0.816187 0.778491 0.816187 0.951383 1.0937   1.06085  0.989366 0.942181 1.0091   1.03972  
BR-60-179  1.22821  1.15187  1.17646  1.07164  1.05021  1.12806  1.0937   1.21493  1.24172  0.292471 0.300203 0.319889 0.244067 0.344215 0.336019 0.300203 0        0.304099 0.273482 0.262316 0.229781 0.308015 0.254963 0.331953 0.41323  0.404247 0.417761 0.436167 0.417761 0.708346 0.72186  0.735622 0.816187 0.656602 0.855879 0.771174 0.831813 1.01917  0.989366 1.12806  1.0091   0.989366 0.970134 1.0091   
CPL-58-177 1.17646  1.12806  1.05021  1.16406  1.05021  1.2695   1.18907  1.21493  1.29835  0.31591  0.31591  0.25863  0.28102  0.340106 0.28102  0.273482 0.304099 0        0.124344 0.152531 0.254963 0.308015 0.319889 0.319889 0.422321 0.404247 0.348348 0.422321 0.369357 0.701679 0.620009 0.763927 0.771174 0.650377 0.864076 0.715073 0.864076 1.01917  0.970134 1.07164  0.979689 0.970134 0.970134 1.05021  
LTU-59-178 1.18907  1.12806  1.0937   1.13987  1.05021  1.17646  1.17646  1.22821  1.20189  0.273482 0.308015 0.28102  0.247681 0.340106 0.233327 0.26602  0.273482 0.124344 0        0.136741 0.195212 0.277242 0.296327 0.288634 0.3866   0.365108 0.356681 0.382252 0.369357 0.67559  0.638082 0.688521 0.728709 0.67559  0.889218 0.778491 0.839749 1.02938  0.951383 1.10498  0.93309  0.897789 0.924108 1.01917  
TSP-58-177 1.17646  1.10498  1.05021  1.0937   0.951383 1.24172  1.16406  1.17646  1.18907  0.277242 0.308015 0.277242 0.247681 0.319889 0.251313 0.277242 0.262316 0.152531 0.136741 0        0.229781 0.296327 0.262316 0.28102  0.382252 0.395372 0.319889 0.365108 0.373631 0.688521 0.632009 0.728709 0.695072 0.662878 0.864076 0.742599 0.864076 0.99917  1.01917  1.03972  0.9607   0.989366 0.93309  1.0091   
YBN-56-175 1.12806  1.06085  1.01917  1.25548  1.0937   1.18907  1.18907  1.17646  1.28379  0.212297 0.247681 0.331953 0.215762 0.31591  0.25863  0.208849 0.229781 0.254963 0.195212 0.229781 0        0.273482 0.233327 0.226251 0.344215 0.377929 0.348348 0.336019 0.336019 0.656602 0.656602 0.701679 0.771174 0.638082 0.808495 0.708346 0.763927 0.924108 1.0091   1.10498  0.90646  0.839749 0.942181 1.02938  
AN-56-175  1.24172  1.12806  1.17646  1.16406  1.16406  1.18907  1.0937   1.20189  1.16406  0.28102  0.319889 0.352503 0.219242 0.369357 0.300203 0.308015 0.308015 0.308015 0.277242 0.296327 0.273482 0        0.288634 0.244067 0.455036 0.356681 0.395372 0.399796 0.426908 0.701679 0.695072 0.662878 0.78588  0.708346 0.864076 0.816187 0.823959 0.839749 1.10498  1.12806  0.989366 0.970134 0.942181 1.08259  
HI-60-179  1.20189  1.11643  1.20189  1.18907  1.16406  1.28379  1.25548  1.28379  1.32836  0.308015 0.365108 0.369357 0.25863  0.348348 0.340106 0.273482 0.254963 0.319889 0.296327 0.262316 0.233327 0.288634 0        0.25863  0.408725 0.404247 0.395372 0.404247 0.395372 0.742599 0.701679 0.742599 0.80088  0.662878 0.897789 0.78588  0.839749 1.02938  1.07164  1.13987  0.889218 0.9607   0.889218 1.07164  
ANA-56-175 1.10498  1.08259  1.16406  1.12806  1.06085  1.10498  1.16406  1.10498  1.25548  0.251313 0.340106 0.319889 0.24047  0.331953 0.273482 0.28102  0.331953 0.319889 0.288634 0.28102  0.226251 0.244067 0.25863  0        0.3866   0.356681 0.382252 0.390973 0.373631 0.715073 0.632009 0.715073 0.708346 0.644205 0.78588  0.72186  0.735622 0.93309  1.0091   1.06085  0.90646  0.864076 0.872363 0.951383 
ZE-48-166  0.979689 0.897789 0.951383 1.42632  1.44397  1.42632  1.55958  1.58071  1.64792  0.469506 0.44084  0.426908 0.319889 0.23689  0.377929 0.369357 0.41323  0.422321 0.3866   0.382252 0.344215 0.455036 0.408725 0.3866   0        0.24047  0.233327 0.399796 0.360883 0.573841 0.568264 0.771174 0.78588  0.562729 0.715073 0.650377 0.80088  1.08259  0.99917  0.942181 0.823959 0.742599 0.793343 0.831813 
EAT-48-166 1.01917  0.970134 1.08259  1.34382  1.34382  1.34382  1.46204  1.40908  1.34382  0.417761 0.417761 0.373631 0.323889 0.23689  0.360883 0.382252 0.404247 0.404247 0.365108 0.395372 0.377929 0.356681 0.404247 0.356681 0.24047  0        0.198598 0.377929 0.356681 0.67559  0.59657  0.778491 0.80088  0.585119 0.771174 0.763927 0.816187 0.99917  1.01917  1.06085  0.80088  0.793343 0.889218 0.90646  
YSA-46-164 0.99917  1.0091   0.99917  1.48056  1.35961  1.55958  1.64792  1.69632  1.46204  0.41323  0.41323  0.352503 0.304099 0.226251 0.348348 0.369357 0.417761 0.348348 0.356681 0.319889 0.348348 0.395372 0.395372 0.382252 0.233327 0.198598 0        0.395372 0.390973 0.620009 0.59657  0.816187 0.816187 0.562729 0.749641 0.778491 0.855879 1.06085  0.989366 1.06085  0.778491 0.763927 0.831813 0.855879 
TH-52-170  1.07164  0.99917  1.03972  1.15187  1.0937   1.24172  1.24172  1.21493  1.20189  0.377929 0.408725 0.431523 0.352503 0.373631 0.41323  0.373631 0.436167 0.422321 0.382252 0.365108 0.336019 0.399796 0.404247 0.390973 0.399796 0.377929 0.395372 0        0.188486 0.72186  0.669207 0.695072 0.72186  0.688521 0.763927 0.728709 0.872363 0.979689 1.05021  1.11643  0.93309  0.93309  0.872363 0.979689 
LA-68-186  0.970134 0.970134 0.951383 1.11643  1.05021  1.18907  1.2695   1.28379  1.20189  0.422321 0.404247 0.41323  0.336019 0.365108 0.3866   0.41323  0.417761 0.369357 0.369357 0.373631 0.336019 0.426908 0.395372 0.373631 0.360883 0.356681 0.390973 0.188486 0        0.662878 0.61408  0.701679 0.688521 0.669207 0.78588  0.695072 0.864076 1.03972  0.99917  1.01917  0.924108 0.915232 0.897789 0.897789 
GR-854-978 1.17646  1.03972  1.0091   1.62484  1.53903  1.60245  1.83306  1.72175  1.64792  0.778491 0.839749 0.695072 0.620009 0.562729 0.688521 0.728709 0.708346 0.701679 0.67559  0.688521 0.656602 0.701679 0.742599 0.715073 0.573841 0.67559  0.620009 0.72186  0.662878 0        0.304099 0.546365 0.568264 0.31591  0.855879 0.864076 1.11643  1.3132   1.03972  1.08259  0.872363 0.80088  0.942181 0.880743 
MO-29-154  1.10498  0.970134 1.0091   1.55958  1.55958  1.42632  1.80365  1.64792  1.80365  0.749641 0.763927 0.67559  0.625985 0.53035  0.625985 0.695072 0.72186  0.620009 0.638082 0.632009 0.656602 0.695072 0.701679 0.632009 0.568264 0.59657  0.59657  0.669207 0.61408  0.304099 0        0.546365 0.562729 0.269742 0.823959 0.728709 1.0091   1.16406  0.99917  0.942181 0.831813 0.80088  0.93309  0.78588  
OE-36-161  1.34382  1.24172  1.3132   1.34382  1.3132   1.34382  1.3132   1.3132   1.15187  0.728709 0.778491 0.771174 0.75675  0.728709 0.749641 0.808495 0.735622 0.763927 0.688521 0.728709 0.701679 0.662878 0.742599 0.715073 0.771174 0.778491 0.816187 0.695072 0.701679 0.546365 0.546365 0        0.31591  0.469506 1.0091   1.01917  0.915232 1.08259  1.12806  1.25548  1.16406  1.0937   1.10498  1.11643  
EME-43-168 1.44397  1.29835  1.3132   1.22821  1.29835  1.17646  1.16406  1.15187  1.12806  0.75675  0.742599 0.749641 0.749641 0.808495 0.831813 0.793343 0.816187 0.771174 0.728709 0.695072 0.771174 0.78588  0.80088  0.708346 0.78588  0.80088  0.816187 0.72186  0.688521 0.568264 0.562729 0.31591  0        0.469506 1.07164  1.01917  1.0091   1.0091   1.12806  1.13987  1.16406  1.02938  1.20189  1.10498  
LRE-46-171 1.02938  0.915232 1.01917  1.53903  1.58071  1.62484  1.74807  1.86368  1.86368  0.749641 0.778491 0.662878 0.656602 0.499311 0.656602 0.682028 0.656602 0.650377 0.67559  0.662878 0.638082 0.708346 0.662878 0.644205 0.562729 0.585119 0.562729 0.688521 0.669207 0.31591  0.269742 0.469506 0.469506 0        0.78588  0.778491 0.99917  1.13987  0.93309  1.01917  0.749641 0.72186  0.924108 0.778491 
P6-2-107   0.715073 0.662878 0.715073 0.78588  0.763927 0.75675  0.823959 0.816187 0.763927 0.855879 0.880743 0.855879 0.855879 0.735622 0.872363 0.816187 0.855879 0.864076 0.889218 0.864076 0.808495 0.864076 0.897789 0.78588  0.715073 0.771174 0.749641 0.763927 0.78588  0.855879 0.823959 1.0091   1.07164  0.78588  0        0.269742 0.360883 0.602361 0.682028 0.72186  0.682028 0.632009 0.650377 0.644205 
HO-1-106   0.701679 0.650377 0.662878 0.778491 0.771174 0.75675  0.816187 0.778491 0.793343 0.78588  0.847771 0.816187 0.771174 0.701679 0.823959 0.778491 0.771174 0.715073 0.778491 0.742599 0.708346 0.816187 0.78588  0.72186  0.650377 0.763927 0.778491 0.728709 0.695072 0.864076 0.728709 1.01917  1.01917  0.778491 0.269742 0        0.304099 0.557235 0.688521 0.669207 0.650377 0.650377 0.59657  0.662878 
SP-1-106   0.742599 0.778491 0.75675  0.688521 0.793343 0.735622 0.763927 0.75675  0.708346 0.728709 0.823959 0.823959 0.864076 0.80088  0.855879 0.816187 0.831813 0.864076 0.839749 0.864076 0.763927 0.823959 0.839749 0.735622 0.80088  0.816187 0.855879 0.872363 0.864076 1.11643  1.0091   0.915232 1.0091   0.99917  0.360883 0.304099 0        0.47931  0.632009 0.78588  0.682028 0.715073 0.682028 0.682028 
PA-1-105   1.07164  0.989366 0.93309  0.793343 0.889218 0.763927 0.771174 0.778491 0.728709 0.915232 0.915232 1.07164  1.06085  1.12806  0.951383 0.951383 1.01917  1.01917  1.02938  0.99917  0.924108 0.839749 1.02938  0.93309  1.08259  0.99917  1.06085  0.979689 1.03972  1.3132   1.16406  1.08259  1.0091   1.13987  0.602361 0.557235 0.47931  0        0.742599 0.839749 0.831813 0.823959 0.808495 0.816187 
NE-2-109   0.728709 0.808495 0.823959 0.793343 0.793343 0.742599 0.847771 0.823959 0.816187 1.05021  1.07164  0.99917  1.11643  0.970134 1.0937   1.0937   0.989366 0.970134 0.951383 1.01917  1.0091   1.10498  1.07164  1.0091   0.99917  1.01917  0.989366 1.05021  0.99917  1.03972  0.99917  1.12806  1.12806  0.93309  0.682028 0.688521 0.632009 0.742599 0        0.395372 0.469506 0.436167 0.53035  0.51467  
IFE-2-109  0.78588  0.823959 0.855879 0.90646  0.989366 0.889218 1.02938  0.93309  0.951383 1.12806  1.01917  1.03972  0.99917  1.0091   1.0937   1.06085  1.12806  1.07164  1.10498  1.03972  1.10498  1.12806  1.13987  1.06085  0.942181 1.06085  1.06085  1.11643  1.01917  1.08259  0.942181 1.25548  1.13987  1.01917  0.72186  0.669207 0.78588  0.839749 0.395372 0        0.395372 0.382252 0.445542 0.459828 
HS-9-115   0.638082 0.662878 0.67559  0.924108 0.951383 0.90646  1.07164  0.9607   1.0937   1.0091   1.05021  0.942181 0.970134 0.728709 0.942181 0.989366 1.0091   0.979689 0.93309  0.9607   0.90646  0.989366 0.889218 0.90646  0.823959 0.80088  0.778491 0.93309  0.924108 0.872363 0.831813 1.16406  1.16406  0.749641 0.682028 0.650377 0.682028 0.831813 0.469506 0.395372 0        0.178508 0.284818 0.422321 
RVI-7-114  0.638082 0.682028 0.650377 0.942181 0.924108 0.880743 1.08259  0.979689 0.989366 0.989366 0.99917  0.951383 0.872363 0.742599 0.924108 0.942181 0.989366 0.970134 0.897789 0.989366 0.839749 0.970134 0.9607   0.864076 0.742599 0.793343 0.763927 0.93309  0.915232 0.80088  0.80088  1.0937   1.02938  0.72186  0.632009 0.650377 0.715073 0.823959 0.436167 0.382252 0.178508 0        0.292471 0.417761 
IFE-8-115  0.771174 0.742599 0.72186  0.872363 0.872363 0.808495 1.0091   0.970134 0.942181 0.93309  1.02938  0.9607   0.897789 0.847771 0.90646  1.0091   0.970134 0.970134 0.924108 0.93309  0.942181 0.942181 0.889218 0.872363 0.793343 0.889218 0.831813 0.872363 0.897789 0.942181 0.93309  1.10498  1.20189  0.924108 0.650377 0.59657  0.682028 0.808495 0.53035  0.445542 0.284818 0.292471 0        0.499311 
RVI-5-112  0.620009 0.701679 0.701679 0.90646  0.847771 0.855879 1.02938  0.889218 1.02938  1.03972  1.02938  0.9607   0.989366 0.808495 0.880743 1.03972  1.0091   1.05021  1.01917  1.0091   1.02938  1.08259  1.07164  0.951383 0.831813 0.90646  0.855879 0.979689 0.897789 0.880743 0.78588  1.11643  1.10498  0.778491 0.644205 0.662878 0.682028 0.816187 0.51467  0.459828 0.422321 0.417761 0.499311 0        
