44
FL-1-103   0.000000 0.379353 0.406678 0.662939 0.647435 0.719877 0.763367 0.848632 0.819120 1.074336 1.060637 0.935869 0.983315 0.766238 0.995661 1.081982 1.020980 0.971169 0.983315 0.971169 0.924461 1.033967 0.995661 0.902155 0.766238 0.804221 0.784989 0.854576 0.757036 0.766238 0.726601 0.902155 0.971169 0.668075 0.823959 0.804221 0.865065 1.415302 0.828926 0.913225 0.687218 0.700957 0.891246 0.676161 
OSH-1-103  0.379353 0.000000 0.327519 0.655147 0.711473 0.639801 0.711473 0.790726 0.828829 0.971169 1.088290 0.880493 0.809253 0.662626 0.902155 0.891246 0.947452 0.924461 0.924461 0.902155 0.859439 0.924461 0.913225 0.880493 0.687218 0.757036 0.794544 0.784989 0.757036 0.662626 0.621307 0.828926 0.869892 0.577284 0.747945 0.730087 0.919834 1.255763 0.947452 0.971169 0.721315 0.762216 0.849129 0.790082 
CEU-1-103  0.406678 0.327519 0.000000 0.678771 0.588436 0.617355 0.736972 0.728376 0.781495 1.020980 0.959217 0.891246 0.869892 0.730087 0.902155 0.891246 0.971169 0.849129 0.891246 0.849129 0.819025 0.971169 0.995661 0.959217 0.738963 0.865065 0.784989 0.823959 0.738963 0.638814 0.652159 0.880493 0.880493 0.660075 0.823959 0.747945 0.886495 1.155053 0.971169 1.020980 0.738963 0.717955 0.819025 0.790082 
TH-1-103   0.662939 0.655147 0.678771 0.000000 0.401133 0.417894 0.352988 0.423565 0.482767 0.880493 0.959217 0.913225 1.033967 1.043062 1.020980 0.959217 0.869892 0.959217 0.935869 0.891246 1.047184 0.959217 0.983315 0.924461 1.190594 1.113206 1.228636 0.931285 0.897445 1.070337 1.047184 0.902155 0.819025 1.033967 0.931285 0.919834 0.784989 0.926637 0.924461 1.102508 1.113206 1.162241 1.047184 1.102508 
CAa1-103   0.647435 0.711473 0.588436 0.401133 0.000000 0.476632 0.429279 0.406678 0.520670 0.891246 0.959217 0.859439 0.959217 1.016743 0.924461 0.891246 0.849129 0.849129 0.849129 0.753152 0.891246 0.959217 0.959217 0.859439 1.159503 1.113206 1.090542 0.875704 0.834026 1.016743 1.047184 0.880493 0.869892 1.060637 0.897445 0.908556 0.942913 1.080365 0.924461 1.244290 1.158675 1.131780 1.047184 1.008214 
CAb1-103   0.719877 0.639801 0.617355 0.417894 0.476632 0.000000 0.374005 0.440840 0.363423 0.891246 0.983315 1.074336 1.117001 1.174465 1.131780 0.947452 0.924461 1.060637 0.971169 1.033967 0.983315 0.983315 1.074336 0.902155 1.190594 1.113206 1.308506 1.016743 0.966725 1.056575 0.959217 0.902155 0.780678 1.088290 0.886495 0.886495 0.854576 0.881680 0.849129 1.074336 1.084356 1.060637 0.947452 1.020980 
SI-1-103   0.763367 0.711473 0.736972 0.352988 0.429279 0.374005 0.000000 0.298055 0.507822 0.849129 0.849129 1.008214 1.127659 1.255464 1.131780 0.971169 0.891246 0.983315 0.971169 0.959217 0.983315 0.891246 1.047184 0.959217 1.314404 1.223933 1.289969 1.016743 1.043062 1.190594 1.193992 0.880493 0.771390 1.162241 0.991317 0.978920 0.897445 0.892669 1.008214 1.317074 1.374436 1.419273 1.279800 1.317074 
LU-1-103   0.848632 0.790726 0.728376 0.423565 0.406678 0.440840 0.298055 0.000000 0.507822 0.838960 0.849129 1.020980 1.147237 1.252839 1.162241 0.959217 1.008214 1.008214 1.020980 0.971169 0.971169 0.995661 1.074336 0.902155 1.313337 1.174465 1.279800 0.991317 1.056575 1.128058 1.102508 0.880493 0.762216 1.227147 0.978920 0.919834 0.886495 0.903822 0.971169 1.146856 1.174465 1.227147 1.210386 1.074336 
SU-1-103   0.819120 0.828829 0.781495 0.482767 0.520670 0.363423 0.507822 0.507822 0.000000 0.859439 0.947452 1.146856 1.167716 1.295416 1.233355 0.995661 1.033967 1.088290 0.995661 0.983315 1.074336 0.959217 1.117001 1.047184 1.363363 1.113206 1.223933 0.978920 0.978920 1.084356 1.193992 0.762216 0.744197 1.224133 0.897445 0.942913 0.814025 0.829027 0.959217 1.177949 1.417305 1.244290 1.162241 1.317074 
RP-56-175  1.074336 0.971169 1.020980 0.880493 0.891246 0.891246 0.849129 0.838960 0.859439 0.000000 0.228838 0.364826 0.308277 0.456121 0.373917 0.329525 0.316704 0.342569 0.295811 0.299944 0.228838 0.304099 0.333848 0.271485 0.503924 0.445899 0.440840 0.401551 0.450992 0.718316 0.701237 0.680306 0.708346 0.701237 0.778213 0.702306 0.640733 0.828736 1.024445 1.114296 0.962104 0.955165 0.891747 1.012445 
A-14-133   1.060637 1.088290 0.959217 0.959217 0.959217 0.983315 0.849129 0.849129 0.947452 0.228838 0.000000 0.383119 0.325227 0.482301 0.351392 0.329525 0.325227 0.342569 0.333848 0.333848 0.267506 0.346968 0.397138 0.369357 0.471719 0.445899 0.440840 0.435815 0.430823 0.779109 0.715523 0.730087 0.694195 0.730087 0.805325 0.769390 0.743525 0.828736 1.049038 0.989006 1.008450 0.966277 1.000634 1.000634 
PR-57-176  0.935869 0.880493 0.891246 0.913225 0.859439 1.074336 1.008214 1.020980 1.146856 0.364826 0.383119 0.000000 0.299944 0.324327 0.263548 0.342569 0.346968 0.279506 0.304099 0.299944 0.360321 0.383119 0.401870 0.346968 0.456121 0.396782 0.373379 0.461284 0.440840 0.635473 0.627186 0.722770 0.701237 0.614474 0.778213 0.735098 0.743525 1.000299 0.966277 1.012445 0.887309 0.912296 0.922786 0.922786 
PY-61-180  0.983315 0.809253 0.869892 1.033967 0.959217 1.117001 1.127659 1.147237 1.167716 0.308277 0.325227 0.299944 0.000000 0.234912 0.263548 0.255695 0.263548 0.304099 0.267506 0.267506 0.232616 0.236414 0.279506 0.259611 0.337390 0.341795 0.320023 0.373379 0.355169 0.560878 0.577581 0.708346 0.701237 0.608198 0.778213 0.686432 0.787142 0.983498 1.100782 0.966277 0.875644 0.823959 0.852264 0.955165 
MGI-58-176 0.766238 0.662626 0.730087 1.043062 1.016743 1.174465 1.255464 1.252839 1.295416 0.456121 0.482301 0.324327 0.234912 0.000000 0.328656 0.315743 0.364218 0.359680 0.359680 0.337390 0.333010 0.392042 0.368785 0.350684 0.258260 0.258260 0.246495 0.411182 0.401551 0.493493 0.471719 0.668886 0.748097 0.440840 0.670888 0.633380 0.743525 1.103466 0.918455 0.962104 0.640733 0.668376 0.783040 0.740048 
SCR-58-177 0.995661 0.902155 0.902155 1.020980 0.924461 1.131780 1.131780 1.162241 1.233355 0.373917 0.351392 0.263548 0.263548 0.328656 0.000000 0.275485 0.364826 0.304099 0.251799 0.271485 0.279506 0.325227 0.369357 0.295811 0.401551 0.382653 0.368785 0.440840 0.411182 0.628966 0.577581 0.701237 0.783409 0.608198 0.796178 0.743525 0.778213 0.868090 1.074464 1.074464 0.887309 0.881680 0.861942 0.833276 
SA-60-179  1.081982 0.891246 0.891246 0.959217 0.891246 0.947452 0.971169 0.959217 0.995661 0.329525 0.329525 0.342569 0.255695 0.315743 0.275485 0.000000 0.325227 0.295811 0.287615 0.299944 0.225078 0.333848 0.295811 0.304099 0.392042 0.406351 0.392042 0.396782 0.440840 0.668886 0.646668 0.760091 0.744939 0.633624 0.735098 0.694327 0.735098 0.868090 1.074464 1.036641 0.939962 0.901952 0.977555 1.012445 
BR-60-179  1.020980 0.947452 0.971169 0.869892 0.849129 0.924461 0.891246 1.008214 1.033967 0.316704 0.325227 0.346968 0.263548 0.364218 0.364826 0.325227 0.000000 0.329525 0.295811 0.283550 0.247923 0.333848 0.275485 0.360321 0.440840 0.430823 0.445899 0.466484 0.445899 0.648661 0.673456 0.687218 0.767783 0.608198 0.778213 0.686432 0.752048 0.942355 0.955165 1.114296 0.962104 0.955165 0.933425 0.977555 
CPL-58-177 0.971169 0.924461 0.849129 0.959217 0.849129 1.060637 0.983315 1.008214 1.088290 0.342569 0.342569 0.279506 0.304099 0.359680 0.304099 0.295811 0.329525 0.000000 0.133415 0.163893 0.275485 0.333848 0.346968 0.346968 0.450992 0.430823 0.368785 0.450992 0.392042 0.642038 0.571605 0.715523 0.722770 0.601974 0.787142 0.626098 0.787142 0.942355 0.933425 1.049038 0.929131 0.933425 0.933425 1.024445 
LTU-59-178 0.983315 0.924461 0.891246 0.935869 0.849129 0.971169 0.971169 1.020980 0.995661 0.295811 0.333848 0.304099 0.267506 0.359680 0.251799 0.287615 0.295811 0.133415 0.000000 0.146808 0.210226 0.299944 0.320953 0.312479 0.411182 0.387333 0.378001 0.406351 0.392042 0.616117 0.589678 0.640117 0.680306 0.627186 0.814584 0.694327 0.760669 0.953591 0.912296 1.087508 0.877207 0.852264 0.881680 0.989006 
TSP-58-177 0.971169 0.902155 0.849129 0.891246 0.753152 1.033967 0.959217 0.971169 0.983315 0.299944 0.333848 0.299944 0.267506 0.337390 0.271485 0.299944 0.283550 0.163893 0.146808 0.000000 0.247923 0.320953 0.283550 0.304099 0.406351 0.420938 0.337390 0.387333 0.396782 0.628966 0.583605 0.680306 0.646668 0.614474 0.787142 0.655659 0.787142 0.920376 0.989006 1.012445 0.907928 0.955165 0.891747 0.977555 
YBN-56-175 0.924461 0.859439 0.819025 1.047184 0.891246 0.983315 0.983315 0.971169 1.074336 0.228838 0.267506 0.360321 0.232616 0.333010 0.279506 0.225078 0.247923 0.275485 0.210226 0.247923 0.000000 0.295811 0.251799 0.244067 0.364218 0.401551 0.368785 0.355169 0.355169 0.597249 0.608198 0.653276 0.722770 0.589678 0.726765 0.618887 0.678620 0.838383 0.977555 1.087508 0.847695 0.787808 0.901952 1.000634 
AN-56-175  1.033967 0.924461 0.971169 0.959217 0.959217 0.983315 0.891246 0.995661 0.959217 0.304099 0.346968 0.383119 0.236414 0.392042 0.325227 0.333848 0.333848 0.333848 0.299944 0.320953 0.295811 0.000000 0.312479 0.263548 0.487649 0.378001 0.420938 0.425864 0.456121 0.642038 0.646668 0.614474 0.737476 0.659942 0.787142 0.735098 0.743525 0.747085 1.087508 1.114296 0.939962 0.933425 0.901952 1.061643 
HI-60-179  0.995661 0.913225 0.995661 0.983315 0.959217 1.074336 1.047184 1.074336 1.117001 0.333848 0.397138 0.401870 0.279506 0.368785 0.369357 0.295811 0.275485 0.346968 0.320953 0.283550 0.251799 0.312479 0.000000 0.279506 0.435815 0.430823 0.420938 0.430823 0.420938 0.682680 0.653276 0.694195 0.752477 0.614474 0.823959 0.702306 0.760669 0.953591 1.049038 1.128058 0.828647 0.922786 0.842710 1.049038 
ANA-56-175 0.902155 0.880493 0.959217 0.924461 0.859439 0.902155 0.959217 0.902155 1.047184 0.271485 0.369357 0.346968 0.259611 0.350684 0.295811 0.304099 0.360321 0.346968 0.312479 0.304099 0.244067 0.263548 0.279506 0.000000 0.411182 0.378001 0.406351 0.416044 0.396782 0.655342 0.583605 0.666669 0.659942 0.595801 0.702306 0.633380 0.648159 0.848155 0.977555 1.036641 0.847695 0.814757 0.823959 0.912296 
ZE-48-166  0.766238 0.687218 0.738963 1.190594 1.159503 1.190594 1.314404 1.313337 1.363363 0.503924 0.471719 0.456121 0.337390 0.258260 0.401551 0.392042 0.440840 0.450992 0.411182 0.406351 0.364218 0.487649 0.435815 0.411182 0.000000 0.262223 0.254318 0.440840 0.396782 0.504482 0.509429 0.711052 0.725651 0.503924 0.648159 0.577015 0.743525 1.050110 0.950951 0.887309 0.743525 0.668376 0.723519 0.765546 
EAT-48-166 0.804221 0.757036 0.865065 1.113206 1.113206 1.113206 1.223933 1.174465 1.113206 0.445899 0.445899 0.396782 0.341795 0.258260 0.382653 0.406351 0.430823 0.430823 0.387333 0.420938 0.401551 0.378001 0.430823 0.378001 0.262223 0.000000 0.215995 0.416044 0.392042 0.605026 0.537575 0.718316 0.740540 0.526190 0.710370 0.702306 0.760669 0.953591 0.973425 1.020499 0.718523 0.723519 0.828647 0.847695 
YSA-46-164 0.784989 0.794544 0.784989 1.228636 1.090542 1.308506 1.289969 1.279800 1.223933 0.440840 0.440840 0.373379 0.320023 0.246495 0.368785 0.392042 0.445899 0.368785 0.378001 0.337390 0.368785 0.420938 0.420938 0.406351 0.254318 0.215995 0.000000 0.435815 0.430823 0.550124 0.537575 0.755730 0.755730 0.503924 0.686432 0.718523 0.805325 1.024791 0.939962 1.020499 0.694327 0.691514 0.765546 0.791942 
TH-52-170  0.854576 0.784989 0.823959 0.931285 0.875704 1.016743 1.016743 0.991317 0.978920 0.401551 0.435815 0.461284 0.373379 0.411182 0.440840 0.396782 0.466484 0.450992 0.406351 0.387333 0.355169 0.425864 0.430823 0.416044 0.440840 0.416044 0.435815 0.000000 0.204870 0.650693 0.609775 0.635473 0.662084 0.628966 0.702306 0.663235 0.823959 0.931285 1.008450 1.083828 0.862677 0.877207 0.810070 0.929131 
LA-68-186  0.757036 0.757036 0.738963 0.897445 0.834026 0.966725 1.043062 1.056575 0.978920 0.450992 0.430823 0.440840 0.355169 0.401551 0.411182 0.440840 0.445899 0.392042 0.392042 0.396782 0.355169 0.456121 0.420938 0.396782 0.396782 0.392042 0.430823 0.204870 0.000000 0.592474 0.554984 0.642038 0.628966 0.609775 0.726765 0.626098 0.814584 1.000299 0.950951 0.973425 0.852809 0.857404 0.838111 0.838111 
GR-854-978 0.766238 0.662626 0.638814 1.070337 1.016743 1.056575 1.190594 1.128058 1.084356 0.718316 0.779109 0.635473 0.560878 0.493493 0.628966 0.668886 0.648661 0.642038 0.616117 0.628966 0.597249 0.642038 0.682680 0.655342 0.504482 0.605026 0.550124 0.650693 0.592474 0.000000 0.301105 0.549089 0.571605 0.313153 0.620803 0.628102 0.848155 0.996140 0.810070 0.847695 0.648159 0.596031 0.723519 0.668376 
MO-29-154  0.726601 0.621307 0.652159 1.047184 1.047184 0.959217 1.193992 1.102508 1.193992 0.701237 0.715523 0.627186 0.577581 0.471719 0.577581 0.646668 0.673456 0.571605 0.589678 0.583605 0.608198 0.646668 0.653276 0.583605 0.509429 0.537575 0.537575 0.609775 0.554984 0.301105 0.000000 0.559236 0.576154 0.274912 0.604668 0.518290 0.769390 0.888569 0.787808 0.736651 0.624137 0.608198 0.728455 0.594436 
OE-36-161  0.902155 0.828926 0.880493 0.902155 0.880493 0.902155 0.880493 0.880493 0.762216 0.680306 0.730087 0.722770 0.708346 0.668886 0.701237 0.760091 0.687218 0.715523 0.640117 0.680306 0.653276 0.614474 0.694195 0.666669 0.711052 0.718316 0.755730 0.635473 0.642038 0.549089 0.559236 0.000000 0.322172 0.479937 0.769390 0.778213 0.686432 0.819212 0.901952 1.012445 0.918455 0.871746 0.881680 0.891747 
EME-43-168 0.971169 0.869892 0.880493 0.819025 0.869892 0.780678 0.771390 0.762216 0.744197 0.708346 0.694195 0.701237 0.701237 0.748097 0.783409 0.744939 0.767783 0.722770 0.680306 0.646668 0.722770 0.737476 0.752477 0.659942 0.725651 0.740540 0.755730 0.662084 0.628966 0.571605 0.576154 0.322172 0.000000 0.479937 0.823959 0.778213 0.769390 0.755730 0.901952 0.912296 0.918455 0.814757 0.966277 0.881680 
LRE-46-171 0.668075 0.577284 0.660075 1.033967 1.060637 1.088290 1.162241 1.227147 1.224133 0.701237 0.730087 0.614474 0.608198 0.440840 0.608198 0.633624 0.608198 0.601974 0.627186 0.614474 0.589678 0.659942 0.614474 0.595801 0.503924 0.526190 0.503924 0.628966 0.609775 0.313153 0.274912 0.479937 0.479937 0.000000 0.570259 0.563562 0.760669 0.868090 0.728455 0.805666 0.549245 0.535453 0.720346 0.587648 
P6-2-107   0.823959 0.747945 0.823959 0.931285 0.897445 0.886495 0.991317 0.978920 0.897445 0.778213 0.805325 0.778213 0.778213 0.670888 0.796178 0.735098 0.778213 0.787142 0.814584 0.787142 0.726765 0.787142 0.823959 0.702306 0.648159 0.710370 0.686432 0.702306 0.726765 0.620803 0.604668 0.769390 0.823959 0.570259 0.000000 0.340338 0.463830 0.809808 0.848155 0.909623 0.833637 0.773326 0.800520 0.791345 
HO-1-106   0.804221 0.730087 0.747945 0.919834 0.908556 0.886495 0.978920 0.919834 0.942913 0.702306 0.769390 0.735098 0.686432 0.633380 0.743525 0.694327 0.686432 0.626098 0.694327 0.655659 0.618887 0.735098 0.702306 0.633380 0.577015 0.702306 0.718523 0.663235 0.626098 0.628102 0.518290 0.778213 0.778213 0.563562 0.340338 0.000000 0.386270 0.738538 0.858056 0.828736 0.786451 0.800520 0.721730 0.819212 
SP-1-106   0.865065 0.919834 0.886495 0.784989 0.942913 0.854576 0.897445 0.886495 0.814025 0.640733 0.743525 0.743525 0.787142 0.743525 0.778213 0.735098 0.752048 0.787142 0.760669 0.787142 0.678620 0.743525 0.760669 0.648159 0.743525 0.760669 0.805325 0.823959 0.814584 0.848155 0.769390 0.686432 0.769390 0.760669 0.463830 0.386270 0.000000 0.620803 0.773326 1.012445 0.833637 0.899022 0.848155 0.848155 
PA-1-105   1.415302 1.255763 1.155053 0.926637 1.080365 0.881680 0.892669 0.903822 0.829027 0.828736 0.828736 1.000299 0.983498 1.103466 0.868090 0.868090 0.942355 0.942355 0.953591 0.920376 0.838383 0.747085 0.953591 0.848155 1.050110 0.953591 1.024791 0.931285 1.000299 0.996140 0.888569 0.819212 0.755730 0.868090 0.809808 0.738538 0.620803 0.000000 0.926860 1.085991 1.113772 1.059202 1.033338 1.046159 
NE-2-109   0.828926 0.947452 0.971169 0.924461 0.924461 0.849129 1.008214 0.971169 0.959217 1.024445 1.049038 0.966277 1.100782 0.918455 1.074464 1.074464 0.955165 0.933425 0.912296 0.989006 0.977555 1.087508 1.049038 0.977555 0.950951 0.973425 0.939962 1.008450 0.950951 0.810070 0.787808 0.901952 0.901952 0.728455 0.848155 0.858056 0.773326 0.926860 0.000000 0.498561 0.589165 0.554603 0.688763 0.665918 
IFE-2-109  0.913225 0.971169 1.020980 1.102508 1.244290 1.074336 1.317074 1.146856 1.177949 1.114296 0.989006 1.012445 0.966277 0.962104 1.074464 1.036641 1.114296 1.049038 1.087508 1.012445 1.087508 1.114296 1.128058 1.036641 0.887309 1.020499 1.020499 1.083828 0.973425 0.847695 0.736651 1.012445 0.912296 0.805666 0.909623 0.828736 1.012445 1.085991 0.498561 0.000000 0.487097 0.480773 0.567647 0.587648 
HS-9-115   0.687218 0.721315 0.738963 1.113206 1.158675 1.084356 1.374436 1.174465 1.417305 0.962104 1.008450 0.887309 0.875644 0.640733 0.887309 0.939962 0.962104 0.929131 0.877207 0.907928 0.847695 0.939962 0.828647 0.847695 0.743525 0.718523 0.694327 0.862677 0.852809 0.648159 0.624137 0.918455 0.918455 0.549245 0.833637 0.786451 0.833637 1.113772 0.589165 0.487097 0.000000 0.206730 0.341217 0.523765 
RVI-7-114  0.700957 0.762216 0.717955 1.162241 1.131780 1.060637 1.419273 1.227147 1.244290 0.955165 0.966277 0.912296 0.823959 0.668376 0.881680 0.901952 0.955165 0.933425 0.852264 0.955165 0.787808 0.933425 0.922786 0.814757 0.668376 0.723519 0.691514 0.877207 0.857404 0.596031 0.608198 0.871746 0.814757 0.535453 0.773326 0.800520 0.899022 1.059202 0.554603 0.480773 0.206730 0.000000 0.361820 0.529177 
IFE-8-115  0.891246 0.849129 0.819025 1.047184 1.047184 0.947452 1.279800 1.210386 1.162241 0.891747 1.000634 0.922786 0.852264 0.783040 0.861942 0.977555 0.933425 0.933425 0.881680 0.891747 0.901952 0.901952 0.842710 0.823959 0.723519 0.828647 0.765546 0.810070 0.838111 0.723519 0.728455 0.881680 0.966277 0.720346 0.800520 0.721730 0.848155 1.033338 0.688763 0.567647 0.341217 0.361820 0.000000 0.643749 
RVI-5-112  0.676161 0.790082 0.790082 1.102508 1.008214 1.020980 1.317074 1.074336 1.317074 1.012445 1.000634 0.922786 0.955165 0.740048 0.833276 1.012445 0.977555 1.024445 0.989006 0.977555 1.000634 1.061643 1.049038 0.912296 0.765546 0.847695 0.791942 0.929131 0.838111 0.668376 0.594436 0.891747 0.881680 0.587648 0.791345 0.819212 0.848155 1.046159 0.665918 0.587648 0.523765 0.529177 0.643749 0.000000 
