44
FL-1-103   0.000000 0.387064 0.412794 0.659389 0.645092 0.711505 0.754828 0.831568 0.813756 1.080477 1.050947 0.939521 0.995843 0.785185 1.007080 1.091224 1.021374 0.971941 0.985845 0.961011 0.921352 1.035661 0.993907 0.901345 0.783979 0.812965 0.799007 0.862647 0.768107 0.791706 0.735600 0.906754 0.965248 0.687000 0.831268 0.817535 0.861748 1.372918 0.836994 0.925997 0.702716 0.714125 0.900796 0.692903 
OSH-1-103  0.387064 0.000000 0.330079 0.645986 0.704443 0.638867 0.700921 0.767849 0.813835 0.964927 1.077769 0.879784 0.822172 0.674895 0.911051 0.898413 0.948895 0.922469 0.925697 0.899647 0.865442 0.932625 0.916564 0.896614 0.705657 0.767785 0.809063 0.796525 0.767497 0.681813 0.635638 0.840284 0.880119 0.595258 0.752607 0.744153 0.915768 1.240061 0.958958 0.982200 0.737638 0.778556 0.870448 0.813945 
CEU-1-103  0.412794 0.330079 0.000000 0.675961 0.588900 0.614430 0.731791 0.712785 0.768811 1.015880 0.956523 0.893474 0.878339 0.742911 0.914135 0.904356 0.969935 0.848959 0.889426 0.848389 0.824666 0.974942 1.005137 0.975660 0.761952 0.870597 0.795174 0.829641 0.752346 0.656636 0.668703 0.883983 0.877701 0.678735 0.832205 0.760399 0.882135 1.150948 0.983917 1.039870 0.753903 0.733728 0.838285 0.815762 
TH-1-103   0.659389 0.645986 0.675961 0.000000 0.397370 0.417017 0.352648 0.422590 0.482254 0.883117 0.959968 0.902700 1.037154 1.025675 1.014362 0.952600 0.860174 0.953677 0.929351 0.883435 1.040699 0.957540 0.975773 0.927770 1.183664 1.108719 1.223394 0.931161 0.893594 1.058660 1.011886 0.901530 0.829806 1.005555 0.923365 0.905576 0.777046 0.934555 0.908779 1.081927 1.070442 1.128809 1.028289 1.087835 
CAa1-103   0.645092 0.704443 0.588900 0.397370 0.000000 0.476705 0.425538 0.400112 0.517758 0.885349 0.943980 0.847875 0.953609 0.982296 0.912962 0.874696 0.834566 0.844778 0.844284 0.747423 0.889429 0.952755 0.955584 0.851737 1.155736 1.101156 1.087381 0.873071 0.835195 0.998780 1.024914 0.870702 0.860045 1.041772 0.874878 0.892328 0.917248 1.090027 0.925833 1.218987 1.128230 1.119245 1.038517 0.989186 
CAb1-103   0.711505 0.638867 0.614430 0.417017 0.476705 0.000000 0.374614 0.442160 0.361373 0.897322 0.982564 1.064302 1.126514 1.153999 1.111210 0.943548 0.922168 1.061755 0.976437 1.025803 0.981222 0.983912 1.069900 0.898589 1.187492 1.106752 1.286130 1.014329 0.968726 1.032565 0.947928 0.889839 0.780064 1.059435 0.868659 0.866780 0.827285 0.879947 0.847604 1.074725 1.071863 1.046253 0.945002 1.004995 
SI-1-103   0.754828 0.700921 0.731791 0.352648 0.425538 0.374614 0.000000 0.299329 0.507549 0.852932 0.851051 0.983467 1.122106 1.253901 1.111276 0.960348 0.889026 0.984264 0.972149 0.948553 0.980638 0.885024 1.049023 0.949364 1.285049 1.211047 1.288512 1.008503 1.030681 1.139999 1.136364 0.879509 0.775980 1.121266 0.966921 0.958371 0.888570 0.911941 0.995814 1.272110 1.316409 1.356647 1.245197 1.242444 
LU-1-103   0.831568 0.767849 0.712785 0.422590 0.400112 0.442160 0.299329 0.000000 0.508683 0.841211 0.849751 0.999726 1.149732 1.209742 1.147742 0.947781 0.998114 1.003949 1.014550 0.963619 0.964107 0.985822 1.075077 0.893122 1.309910 1.155341 1.284175 0.983607 1.048611 1.093347 1.073509 0.877729 0.762020 1.176913 0.948095 0.899165 0.865951 0.913829 0.964347 1.133806 1.147548 1.190396 1.190021 1.053982 
SU-1-103   0.813756 0.813835 0.768811 0.482254 0.517758 0.361373 0.507549 0.508683 0.000000 0.856606 0.947280 1.094804 1.160068 1.230862 1.231247 0.982356 1.022589 1.073274 0.991505 0.969338 1.069497 0.948229 1.092051 1.014388 1.343845 1.079652 1.177770 0.969917 0.965432 1.037874 1.149649 0.763456 0.740244 1.176865 0.890144 0.925146 0.804198 0.826294 0.945644 1.170530 1.340145 1.194034 1.139361 1.259222 
RP-56-175  1.080477 0.964927 1.015880 0.883117 0.885349 0.897322 0.852932 0.841211 0.856606 0.000000 0.228805 0.362999 0.308522 0.453272 0.374641 0.330446 0.317885 0.339459 0.294753 0.299540 0.228404 0.304816 0.331890 0.270844 0.504499 0.445556 0.442965 0.399174 0.448627 0.717891 0.703672 0.679655 0.709775 0.701916 0.774657 0.700453 0.642488 0.835293 1.023827 1.128703 0.967994 0.949913 0.905073 1.020064 
A-14-133   1.050947 1.077769 0.956523 0.959968 0.943980 0.982564 0.851051 0.849751 0.947280 0.228805 0.000000 0.381787 0.324763 0.480536 0.349136 0.329840 0.325365 0.342374 0.333357 0.333650 0.267026 0.345263 0.397552 0.368672 0.470964 0.446754 0.439383 0.428996 0.430549 0.777471 0.718704 0.721767 0.695230 0.728575 0.801131 0.767439 0.741867 0.844345 1.048768 0.992619 1.014226 0.967245 0.994177 1.002985 
PR-57-176  0.939521 0.879784 0.893474 0.902700 0.847875 1.064302 0.983467 0.999726 1.094804 0.362999 0.381787 0.000000 0.299341 0.323523 0.264570 0.341592 0.347443 0.280358 0.302520 0.298215 0.358659 0.380323 0.401183 0.347861 0.459657 0.396679 0.377667 0.455863 0.437970 0.647536 0.636687 0.716365 0.695872 0.624408 0.782910 0.744640 0.753609 1.018148 0.978104 1.026850 0.913939 0.935117 0.939738 0.940898 
PY-61-180  0.995843 0.822172 0.878339 1.037154 0.953609 1.126514 1.122106 1.149732 1.160068 0.308522 0.324763 0.299341 0.000000 0.235199 0.264323 0.257008 0.264943 0.303363 0.267967 0.267404 0.232887 0.237082 0.278508 0.261293 0.341089 0.343101 0.323070 0.371068 0.356082 0.571567 0.587698 0.708063 0.699118 0.614102 0.779716 0.692114 0.790479 0.994089 1.105805 0.987135 0.897030 0.847708 0.866515 0.973002 
MGI-58-176 0.785185 0.674895 0.742911 1.025675 0.982296 1.153999 1.253901 1.209742 1.230862 0.453272 0.480536 0.323523 0.235199 0.000000 0.330303 0.315760 0.364875 0.360628 0.360488 0.337612 0.333816 0.393801 0.369766 0.350888 0.263413 0.260510 0.250546 0.414855 0.408106 0.506965 0.483182 0.670435 0.742105 0.451961 0.677628 0.641645 0.750447 1.099492 0.915317 0.972388 0.661831 0.685967 0.801918 0.765326 
SCR-58-177 1.007080 0.911051 0.914135 1.014362 0.912962 1.111210 1.111276 1.147742 1.231247 0.374641 0.349136 0.264570 0.264323 0.330303 0.000000 0.275717 0.365676 0.304896 0.252737 0.273004 0.279696 0.325950 0.369919 0.297627 0.405894 0.382750 0.372784 0.437049 0.411731 0.642358 0.587536 0.697558 0.781015 0.616683 0.802325 0.754620 0.781354 0.871675 1.086969 1.084236 0.905417 0.901846 0.878088 0.847817 
SA-60-179  1.091224 0.898413 0.904356 0.952600 0.874696 0.943548 0.960348 0.947781 0.982356 0.330446 0.329840 0.341592 0.257008 0.315760 0.275717 0.000000 0.326139 0.296753 0.288237 0.298989 0.225499 0.333954 0.295509 0.303303 0.396972 0.407801 0.393272 0.396261 0.443635 0.681971 0.655807 0.756296 0.741406 0.637650 0.735543 0.700928 0.742941 0.873581 1.078976 1.048409 0.957057 0.910792 0.985672 1.022405 
BR-60-179  1.021374 0.948895 0.969935 0.860174 0.834566 0.922168 0.889026 0.998114 1.022589 0.317885 0.325365 0.347443 0.264943 0.364875 0.365676 0.326139 0.000000 0.329022 0.296957 0.282456 0.248322 0.333742 0.276561 0.359886 0.440380 0.433706 0.448896 0.464069 0.445884 0.658453 0.679885 0.680105 0.762982 0.612842 0.775530 0.684749 0.755963 0.955966 0.958560 1.119342 0.981833 0.970027 0.942817 0.984380 
CPL-58-177 0.971941 0.922469 0.848959 0.953677 0.844778 1.061755 0.984264 1.003949 1.073274 0.339459 0.342374 0.280358 0.303363 0.360628 0.304896 0.296753 0.329022 0.000000 0.132659 0.163438 0.274336 0.333367 0.346169 0.345420 0.453069 0.428399 0.371400 0.444653 0.391139 0.651299 0.577122 0.710116 0.721261 0.607611 0.794481 0.633409 0.797788 0.949525 0.938475 1.063435 0.940402 0.948361 0.944805 1.036285 
LTU-59-178 0.985845 0.925697 0.889426 0.929351 0.844284 0.976437 0.972149 1.014550 0.991505 0.294753 0.333357 0.302520 0.267967 0.360488 0.252737 0.288237 0.296957 0.132659 0.000000 0.146505 0.210300 0.300127 0.320601 0.312413 0.413268 0.386966 0.380755 0.402727 0.391111 0.623546 0.595471 0.636188 0.678671 0.635290 0.821346 0.700068 0.769070 0.964419 0.925767 1.108613 0.896070 0.875947 0.895613 1.001520 
TSP-58-177 0.961011 0.899647 0.848389 0.883435 0.747423 1.025803 0.948553 0.963619 0.969338 0.299540 0.333650 0.298215 0.267404 0.337612 0.273004 0.298989 0.282456 0.163438 0.146505 0.000000 0.247099 0.319641 0.281492 0.303073 0.408313 0.419325 0.339959 0.385072 0.395124 0.635369 0.585300 0.675224 0.641066 0.618580 0.790060 0.659461 0.790312 0.929571 0.990507 1.025635 0.923368 0.968698 0.903142 0.989670 
YBN-56-175 0.921352 0.865442 0.824666 1.040699 0.889429 0.981222 0.980638 0.964107 1.069497 0.228404 0.267026 0.358659 0.232887 0.333816 0.279696 0.225499 0.248322 0.274336 0.210300 0.247099 0.000000 0.295644 0.251552 0.243988 0.366832 0.401465 0.369866 0.354347 0.355946 0.603008 0.614566 0.649550 0.719067 0.594671 0.723476 0.620057 0.675477 0.843002 0.988545 1.092035 0.863019 0.797674 0.914476 1.005981 
AN-56-175  1.035661 0.932625 0.974942 0.957540 0.952755 0.983912 0.885024 0.985822 0.948229 0.304816 0.345263 0.380323 0.237082 0.393801 0.325950 0.333954 0.333742 0.333367 0.300127 0.319641 0.295644 0.000000 0.312593 0.263732 0.488993 0.379651 0.422009 0.421849 0.455016 0.645286 0.652347 0.618121 0.736899 0.663570 0.787843 0.737173 0.749437 0.757007 1.089062 1.108086 0.959137 0.950428 0.910024 1.062891 
HI-60-179  0.993907 0.916564 1.005137 0.975773 0.955584 1.069900 1.049023 1.075077 1.092051 0.331890 0.397552 0.401183 0.278508 0.369766 0.369919 0.295509 0.276561 0.346169 0.320601 0.281492 0.251552 0.312593 0.000000 0.277417 0.437363 0.430442 0.422235 0.429407 0.418065 0.693738 0.662140 0.691216 0.747414 0.621308 0.824270 0.711054 0.763787 0.963163 1.057238 1.127783 0.847268 0.933575 0.848405 1.052685 
ANA-56-175 0.901345 0.896614 0.975660 0.927770 0.851737 0.898589 0.949364 0.893122 1.014388 0.270844 0.368672 0.347861 0.261293 0.350888 0.297627 0.303303 0.359886 0.345420 0.312413 0.303073 0.243988 0.263732 0.277417 0.000000 0.416788 0.378584 0.409160 0.414331 0.398801 0.663911 0.589318 0.667037 0.657095 0.601906 0.703161 0.638401 0.649020 0.850607 0.976808 1.048082 0.864385 0.826533 0.835654 0.924548 
ZE-48-166  0.783979 0.705657 0.761952 1.183664 1.155736 1.187492 1.285049 1.309910 1.343845 0.504499 0.470964 0.459657 0.341089 0.263413 0.405894 0.396972 0.440380 0.453069 0.413268 0.408313 0.366832 0.488993 0.437363 0.416788 0.000000 0.264192 0.256862 0.444633 0.400814 0.519634 0.522619 0.706792 0.724607 0.516089 0.661520 0.589527 0.749593 1.045212 0.967435 0.910277 0.772211 0.688044 0.737077 0.804171 
EAT-48-166 0.812965 0.767785 0.870597 1.108719 1.101156 1.106752 1.211047 1.155341 1.079652 0.445556 0.446754 0.396679 0.343101 0.260510 0.382750 0.407801 0.433706 0.428399 0.386966 0.419325 0.401465 0.379651 0.430442 0.378584 0.264192 0.000000 0.215283 0.417239 0.393702 0.615917 0.542283 0.717220 0.740345 0.534742 0.714428 0.706387 0.770036 0.954546 0.977024 1.032188 0.739050 0.738657 0.837220 0.874117 
YSA-46-164 0.799007 0.809063 0.795174 1.223394 1.087381 1.286130 1.288512 1.284175 1.177770 0.442965 0.439383 0.377667 0.323070 0.250546 0.372784 0.393272 0.448896 0.371400 0.380755 0.339959 0.369866 0.422009 0.422235 0.409160 0.256862 0.215283 0.000000 0.437529 0.435463 0.563885 0.545519 0.754856 0.750447 0.514102 0.692678 0.728575 0.814569 1.019043 0.945428 1.035122 0.716538 0.705055 0.778833 0.826325 
TH-52-170  0.862647 0.796525 0.829641 0.931161 0.873071 1.014329 1.008503 0.983607 0.969917 0.399174 0.428996 0.455863 0.371068 0.414855 0.437049 0.396261 0.464069 0.444653 0.402727 0.385072 0.354347 0.421849 0.429407 0.414331 0.444633 0.417239 0.437529 0.000000 0.204634 0.655803 0.620592 0.635370 0.660816 0.636270 0.706502 0.668013 0.823714 0.937938 1.008409 1.090199 0.870172 0.898226 0.814910 0.950964 
LA-68-186  0.768107 0.767497 0.752346 0.893594 0.835195 0.968726 1.030681 1.048611 0.965432 0.448627 0.430549 0.437970 0.356082 0.408106 0.411731 0.443635 0.445884 0.391139 0.391111 0.395124 0.355946 0.455016 0.418065 0.398801 0.400814 0.393702 0.435463 0.204634 0.000000 0.600813 0.565733 0.632990 0.628831 0.621096 0.727449 0.633471 0.818038 1.008619 0.963567 0.991061 0.871855 0.886023 0.843937 0.864767 
GR-854-978 0.791706 0.681813 0.656636 1.058660 0.998780 1.032565 1.139999 1.093347 1.037874 0.717891 0.777471 0.647536 0.571567 0.506965 0.642358 0.681971 0.658453 0.651299 0.623546 0.635369 0.603008 0.645286 0.693738 0.663911 0.519634 0.615917 0.563885 0.655803 0.600813 0.000000 0.306139 0.549619 0.571118 0.319171 0.628183 0.639517 0.853474 0.982633 0.812142 0.875784 0.665901 0.612907 0.737293 0.688795 
MO-29-154  0.735600 0.635638 0.668703 1.011886 1.024914 0.947928 1.136364 1.073509 1.149649 0.703672 0.718704 0.636687 0.587698 0.483182 0.587536 0.655807 0.679885 0.577122 0.595471 0.585300 0.614566 0.652347 0.662140 0.589318 0.522619 0.542283 0.545519 0.620592 0.565733 0.306139 0.000000 0.555783 0.570736 0.279198 0.613283 0.522507 0.771691 0.881558 0.794077 0.756156 0.642912 0.623286 0.741853 0.612506 
OE-36-161  0.906754 0.840284 0.883983 0.901530 0.870702 0.889839 0.879509 0.877729 0.763456 0.679655 0.721767 0.716365 0.708063 0.670435 0.697558 0.756296 0.680105 0.710116 0.636188 0.675224 0.649550 0.618121 0.691216 0.667037 0.706792 0.717220 0.754856 0.635370 0.632990 0.549619 0.555783 0.000000 0.318640 0.477871 0.763619 0.768822 0.685782 0.819738 0.906054 1.025983 0.921778 0.871387 0.888576 0.886582 
EME-43-168 0.965248 0.880119 0.877701 0.829806 0.860045 0.780064 0.775980 0.762020 0.740244 0.709775 0.695230 0.695872 0.699118 0.742105 0.781015 0.741406 0.762982 0.721261 0.678671 0.641066 0.719067 0.736899 0.747414 0.657095 0.724607 0.740345 0.750447 0.660816 0.628831 0.571118 0.570736 0.318640 0.000000 0.479919 0.824003 0.777574 0.769964 0.759554 0.900392 0.932684 0.927480 0.820147 0.972438 0.885120 
LRE-46-171 0.687000 0.595258 0.678735 1.005555 1.041772 1.059435 1.121266 1.176913 1.176865 0.701916 0.728575 0.624408 0.614102 0.451961 0.616683 0.637650 0.612842 0.607611 0.635290 0.618580 0.594671 0.663570 0.621308 0.601906 0.516089 0.534742 0.514102 0.636270 0.621096 0.319171 0.279198 0.477871 0.479919 0.000000 0.575424 0.570369 0.766475 0.859246 0.727994 0.820470 0.564575 0.545200 0.734572 0.604626 
P6-2-107   0.831268 0.752607 0.832205 0.923365 0.874878 0.868659 0.966921 0.948095 0.890144 0.774657 0.801131 0.782910 0.779716 0.677628 0.802325 0.735543 0.775530 0.794481 0.821346 0.790060 0.723476 0.787843 0.824270 0.703161 0.661520 0.714428 0.692678 0.706502 0.727449 0.628183 0.613283 0.763619 0.824003 0.575424 0.000000 0.339541 0.460261 0.807550 0.841269 0.918607 0.836354 0.778180 0.803294 0.806085 
HO-1-106   0.817535 0.744153 0.760399 0.905576 0.892328 0.866780 0.958371 0.899165 0.925146 0.700453 0.767439 0.744640 0.692114 0.641645 0.754620 0.700928 0.684749 0.633409 0.700068 0.659461 0.620057 0.737173 0.711054 0.638401 0.589527 0.706387 0.728575 0.668013 0.633471 0.639517 0.522507 0.768822 0.777574 0.570369 0.339541 0.000000 0.384278 0.731580 0.847348 0.830624 0.786474 0.796476 0.722382 0.837532 
SP-1-106   0.861748 0.915768 0.882135 0.777046 0.917248 0.827285 0.888570 0.865951 0.804198 0.642488 0.741867 0.753609 0.790479 0.750447 0.781354 0.742941 0.755963 0.797788 0.769070 0.790312 0.675477 0.749437 0.763787 0.649020 0.749593 0.770036 0.814569 0.823714 0.818038 0.853474 0.771691 0.685782 0.769964 0.766475 0.460261 0.384278 0.000000 0.616921 0.774157 1.005262 0.835556 0.888436 0.840017 0.850267 
PA-1-105   1.372918 1.240061 1.150948 0.934555 1.090027 0.879947 0.911941 0.913829 0.826294 0.835293 0.844345 1.018148 0.994089 1.099492 0.871675 0.873581 0.955966 0.949525 0.964419 0.929571 0.843002 0.757007 0.963163 0.850607 1.045212 0.954546 1.019043 0.937938 1.008619 0.982633 0.881558 0.819738 0.759554 0.859246 0.807550 0.731580 0.616921 0.000000 0.921851 1.097473 1.107365 1.032836 1.020009 1.033078 
NE-2-109   0.836994 0.958958 0.983917 0.908779 0.925833 0.847604 0.995814 0.964347 0.945644 1.023827 1.048768 0.978104 1.105805 0.915317 1.086969 1.078976 0.958560 0.938475 0.925767 0.990507 0.988545 1.089062 1.057238 0.976808 0.967435 0.977024 0.945428 1.008409 0.963567 0.812142 0.794077 0.906054 0.900392 0.727994 0.841269 0.847348 0.774157 0.921851 0.000000 0.496312 0.582771 0.553694 0.692321 0.670099 
IFE-2-109  0.925997 0.982200 1.039870 1.081927 1.218987 1.074725 1.272110 1.133806 1.170530 1.128703 0.992619 1.026850 0.987135 0.972388 1.084236 1.048409 1.119342 1.063435 1.108613 1.025635 1.092035 1.108086 1.127783 1.048082 0.910277 1.032188 1.035122 1.090199 0.991061 0.875784 0.756156 1.025983 0.932684 0.820470 0.918607 0.830624 1.005262 1.097473 0.496312 0.000000 0.489170 0.487921 0.575718 0.590107 
HS-9-115   0.702716 0.737638 0.753903 1.070442 1.128230 1.071863 1.316409 1.147548 1.340145 0.967994 1.014226 0.913939 0.897030 0.661831 0.905417 0.957057 0.981833 0.940402 0.896070 0.923368 0.863019 0.959137 0.847268 0.864385 0.772211 0.739050 0.716538 0.870172 0.871855 0.665901 0.642912 0.921778 0.927480 0.564575 0.836354 0.786474 0.835556 1.107365 0.582771 0.489170 0.000000 0.207837 0.341608 0.534648 
RVI-7-114  0.714125 0.778556 0.733728 1.128809 1.119245 1.046253 1.356647 1.190396 1.194034 0.949913 0.967245 0.935117 0.847708 0.685967 0.901846 0.910792 0.970027 0.948361 0.875947 0.968698 0.797674 0.950428 0.933575 0.826533 0.688044 0.738657 0.705055 0.898226 0.886023 0.612907 0.623286 0.871387 0.820147 0.545200 0.778180 0.796476 0.888436 1.032836 0.553694 0.487921 0.207837 0.000000 0.362136 0.541887 
IFE-8-115  0.900796 0.870448 0.838285 1.028289 1.038517 0.945002 1.245197 1.190021 1.139361 0.905073 0.994177 0.939738 0.866515 0.801918 0.878088 0.985672 0.942817 0.944805 0.895613 0.903142 0.914476 0.910024 0.848405 0.835654 0.737077 0.837220 0.778833 0.814910 0.843937 0.737293 0.741853 0.888576 0.972438 0.734572 0.803294 0.722382 0.840017 1.020009 0.692321 0.575718 0.341608 0.362136 0.000000 0.656640 
RVI-5-112  0.692903 0.813945 0.815762 1.087835 0.989186 1.004995 1.242444 1.053982 1.259222 1.020064 1.002985 0.940898 0.973002 0.765326 0.847817 1.022405 0.984380 1.036285 1.001520 0.989670 1.005981 1.062891 1.052685 0.924548 0.804171 0.874117 0.826325 0.950964 0.864767 0.688795 0.612506 0.886582 0.885120 0.604626 0.806085 0.837532 0.850267 1.033078 0.670099 0.590107 0.534648 0.541887 0.656640 0.000000 
