218
Mcd.vulcan 0        0.0654216 0.0785821 0.0804432 0.0987663 0.105342 0.104242 0.100678 0.107822 0.105892 0.100952 0.105342 0.0751381 0.0738177 0.0865907 0.0925186 0.0898183 0.0903576 0.0917075 0.114757 0.12007  0.19435  0.18695  0.187871 0.196211 0.201511 0.192184 0.201824 0.210955 0.201511 0.19559  0.20245  0.182667 0.197144 0.199636 0.203077 0.201198 0.202137 0.213811 0.212223 0.190333 0.197455 0.185418 0.19497  0.19559  0.199012 0.19497  0.20339  0.196833 0.213176 0.216998 0.209689 0.201824 0.199948 0.205274 0.20026  0.20245  0.206218 0.204018 0.195901 0.190949 0.207794 0.178408 0.211589 0.204646 0.19559  0.198701 0.202763 0.192493 0.214129 0.214766 0.221482 0.216998 0.19404  0.19404  0.199324 0.190949 0.183277 0.189717 0.214766 0.206218 0.206218 0.178408 0.192493 0.196211 0.191875 0.19435  0.178408 0.191875 0.209689 0.182972 0.19435  0.179927 0.190333 0.181448 0.191567 0.19497  0.191567 0.195901 0.199636 0.193731 0.211589 0.184806 0.221482 0.217637 0.198701 0.201511 0.202137 0.210638 0.211272 0.210005 0.26684  0.214448 0.197766 0.190949 0.191258 0.210005 0.213493 0.198078 0.206218 0.211906 0.199324 0.189409 0.192184 0.205589 0.205903 0.209372 0.207163 0.203704 0.218277 0.201511 0.214766 0.20874  0.213176 0.202137 0.20339  0.197766 0.205903 0.248633 0.216041 0.188486 0.200885 0.18695  0.191567 0.201511 0.193731 0.201198 0.211589 0.204018 0.212858 0.196211 0.198701 0.205274 0.190949 0.169363 0.177802 0.189409 0.186643 0.174174 0.176288 0.19404  0.196211 0.181752 0.191875 0.201824 0.190025 0.19466  0.20026  0.188178 0.20496  0.195901 0.1845   0.198701 0.195901 0.211906 0.188486 0.196522 0.19559  0.196522 0.180231 0.190949 0.190949 0.201198 0.192493 0.193112 0.188178 0.189717 0.201824 0.190949 0.206533 0.190025 0.199324 0.199636 0.190025 0.204018 0.216679 0.213811 0.192493 0.19528  0.192184 0.199012 0.213493 0.185418 0.189717 0.197455 0.201511 0.201511 0.214448 0.197766 0.205589 0.206218 0.204018 0.188793 0.199324 0.199636 0.230857 0.188793 0.199012 
Mc.voltae2 0.0654216 0        0.0903576 0.0761961 0.0957718 0.103418 0.112531 0.104792 0.102047 0.112531 0.104792 0.102595 0.0938724 0.0927891 0.103967 0.110588 0.126552 0.109481 0.106995 0.125987 0.11643  0.213176 0.20245  0.214129 0.196833 0.210321 0.206848 0.211589 0.206218 0.219237 0.201198 0.207478 0.203704 0.21636  0.211589 0.227288 0.218917 0.218277 0.220519 0.221482 0.215084 0.215403 0.20245  0.198078 0.196522 0.203077 0.203077 0.20026  0.217957 0.219237 0.22309  0.224379 0.21254  0.209056 0.204646 0.214448 0.215722 0.209372 0.208425 0.206533 0.203704 0.218596 0.198701 0.221482 0.198701 0.214448 0.211906 0.202763 0.201511 0.207794 0.212858 0.218917 0.214448 0.19497  0.193421 0.193112 0.190949 0.182362 0.209056 0.22309  0.20874  0.210321 0.196211 0.203704 0.204646 0.198389 0.190641 0.193112 0.196211 0.213811 0.192184 0.196211 0.190641 0.195901 0.197455 0.192184 0.198701 0.196833 0.19528  0.197455 0.201824 0.203077 0.189717 0.213811 0.225671 0.209056 0.217957 0.211589 0.214448 0.217317 0.205274 0.260045 0.217317 0.206218 0.205274 0.198078 0.205274 0.205274 0.209372 0.210321 0.208109 0.211589 0.201511 0.201198 0.206218 0.205903 0.205589 0.206218 0.211906 0.217637 0.216679 0.214448 0.218596 0.214766 0.209372 0.208109 0.217957 0.218917 0.253982 0.217637 0.207478 0.20496  0.204331 0.204018 0.20245  0.212223 0.212858 0.210955 0.211906 0.205903 0.204646 0.200885 0.19528  0.207478 0.19497  0.188486 0.200885 0.19497  0.189409 0.184194 0.192184 0.204331 0.19404  0.204331 0.20026  0.19528  0.190025 0.201824 0.192493 0.201824 0.192184 0.196833 0.201824 0.196833 0.211906 0.191567 0.196833 0.199636 0.198389 0.192184 0.199324 0.191875 0.198078 0.19404  0.19497  0.19497  0.19435  0.201198 0.197144 0.220519 0.199948 0.202763 0.20026  0.20245  0.207478 0.212223 0.20496  0.199324 0.203704 0.206533 0.20339  0.207478 0.199636 0.20339  0.206848 0.200573 0.196522 0.207794 0.20339  0.210005 0.199636 0.214448 0.205274 0.210638 0.197455 0.220519 0.204331 0.19435  
Mt.fervidu 0.0785821 0.0903576 0        0.0646393 0.0963154 0.103144 0.113921 0.104792 0.102047 0.104517 0.112253 0.106995 0.0825757 0.0772556 0.0831098 0.0949572 0.107822 0.0946858 0.0944146 0.120631 0.120912 0.197455 0.190025 0.20496  0.191258 0.210638 0.199636 0.193731 0.198078 0.211589 0.185724 0.203704 0.193112 0.20026  0.20874  0.214448 0.211906 0.210321 0.214448 0.216998 0.199636 0.210321 0.196211 0.193421 0.189409 0.198701 0.197766 0.20026  0.211589 0.221804 0.221161 0.215722 0.216679 0.216679 0.209056 0.210955 0.216041 0.215084 0.210005 0.204646 0.205589 0.21636  0.190025 0.215722 0.20339  0.20496  0.210955 0.204646 0.206218 0.206533 0.210005 0.213493 0.211589 0.188178 0.189409 0.192802 0.190641 0.181143 0.197455 0.230207 0.203704 0.205903 0.193731 0.199012 0.197455 0.197144 0.192493 0.188793 0.193731 0.215722 0.193421 0.197766 0.19435  0.197455 0.19528  0.190025 0.19497  0.196522 0.192493 0.200573 0.199636 0.207163 0.188178 0.215722 0.224379 0.211272 0.210638 0.211906 0.207163 0.214766 0.206533 0.259369 0.214448 0.203704 0.197766 0.20245  0.205589 0.206218 0.205274 0.209689 0.206848 0.20339  0.195901 0.199948 0.200885 0.201824 0.206848 0.202137 0.207478 0.212858 0.20874  0.213493 0.214129 0.203077 0.199636 0.199636 0.21636  0.218917 0.261061 0.213811 0.196211 0.198078 0.197766 0.198389 0.19559  0.205903 0.20339  0.207478 0.210955 0.206218 0.210005 0.19559  0.204018 0.193421 0.18603  0.18603  0.193421 0.193112 0.185418 0.181448 0.188793 0.197766 0.19404  0.197455 0.200573 0.19466  0.190949 0.199948 0.192493 0.200885 0.192802 0.19528  0.20339  0.199324 0.205274 0.190025 0.196833 0.199012 0.20245  0.188178 0.193731 0.18603  0.195901 0.19528  0.19466  0.19559  0.19404  0.202763 0.19435  0.213493 0.190025 0.200885 0.189101 0.200573 0.216041 0.214766 0.205903 0.199636 0.204646 0.201198 0.200573 0.207478 0.196211 0.197766 0.204018 0.201824 0.19559  0.207794 0.203077 0.213811 0.20245  0.209689 0.203077 0.209372 0.200885 0.220519 0.20245  0.197455 
Mb.bryanti 0.0804432 0.0761961 0.0646393 0        0.0865907 0.0936014 0.10727  0.0993121 0.0871277 0.0974037 0.102321 0.103967 0.0892794 0.0860542 0.0955001 0.101773 0.115314 0.103144 0.103692 0.122037 0.117828 0.209056 0.197455 0.207794 0.196833 0.213493 0.204646 0.202763 0.20496  0.215722 0.191875 0.20874  0.198078 0.207478 0.207163 0.219878 0.211589 0.211272 0.213493 0.210321 0.205274 0.218596 0.199012 0.19466  0.19404  0.196211 0.200573 0.199324 0.211906 0.218917 0.222125 0.219237 0.212858 0.210955 0.202763 0.20874  0.216679 0.213176 0.206533 0.204646 0.20245  0.216041 0.198701 0.215084 0.198389 0.209689 0.206533 0.204646 0.205274 0.207163 0.207163 0.210955 0.205903 0.193112 0.193112 0.19497  0.189409 0.182972 0.207794 0.221482 0.204646 0.201824 0.197144 0.199636 0.199012 0.20245  0.190949 0.193421 0.19435  0.214448 0.193421 0.198389 0.19404  0.196833 0.196833 0.190949 0.19466  0.19559  0.192184 0.19559  0.19559  0.202763 0.190641 0.221482 0.225994 0.215084 0.219557 0.22309  0.212858 0.219878 0.212223 0.268207 0.221482 0.211906 0.208109 0.20339  0.207163 0.204646 0.209056 0.21254  0.209056 0.207478 0.200573 0.207163 0.206218 0.202763 0.208109 0.204646 0.216041 0.217637 0.213176 0.209372 0.217637 0.204018 0.200885 0.204646 0.215403 0.21636  0.261061 0.218596 0.204018 0.202137 0.199324 0.201824 0.195901 0.212858 0.204331 0.206848 0.213811 0.204018 0.205903 0.199012 0.198701 0.200885 0.197455 0.191258 0.198701 0.195901 0.18603  0.18603  0.189717 0.20496  0.19497  0.202137 0.203704 0.19559  0.190025 0.203704 0.192802 0.20339  0.191567 0.198389 0.205274 0.198078 0.206218 0.189101 0.196211 0.199948 0.20245  0.191567 0.196211 0.188178 0.198389 0.197766 0.193731 0.196211 0.195901 0.20496  0.20026  0.217637 0.197144 0.199012 0.200573 0.197144 0.206218 0.216041 0.207478 0.203704 0.204646 0.206533 0.199636 0.204646 0.196211 0.20245  0.206218 0.198701 0.19497  0.213493 0.201824 0.206533 0.204331 0.205274 0.204646 0.205274 0.200573 0.213176 0.200573 0.193112 
Mm.mobile  0.0987663 0.0957718 0.0963154 0.0865907 0        0.052488 0.0648999 0.0871277 0.0772556 0.0933305 0.107822 0.1142   0.0884718 0.102595 0.112809 0.11643  0.126836 0.118948 0.118108 0.134521 0.120351 0.221804 0.206533 0.214129 0.20245  0.219557 0.214766 0.216041 0.213176 0.224702 0.200573 0.207478 0.213176 0.21636  0.228908 0.223412 0.222447 0.218277 0.218917 0.215403 0.221804 0.225994 0.213176 0.199636 0.19528  0.206533 0.205903 0.205274 0.219237 0.222125 0.223412 0.221804 0.221482 0.216998 0.210005 0.225348 0.228908 0.214766 0.211906 0.216998 0.207478 0.218596 0.210638 0.228584 0.210321 0.210321 0.223735 0.212858 0.216041 0.213811 0.222769 0.222447 0.214129 0.203077 0.20339  0.205589 0.199636 0.199012 0.209056 0.235426 0.206533 0.213493 0.199948 0.211906 0.207794 0.206848 0.199012 0.20245  0.197455 0.223412 0.200885 0.201198 0.20245  0.202137 0.201511 0.19466  0.197144 0.202763 0.20026  0.204331 0.212223 0.213493 0.20026  0.221161 0.231183 0.220198 0.225025 0.222769 0.224702 0.224057 0.218596 0.266499 0.223412 0.212858 0.213176 0.20496  0.209372 0.205903 0.215722 0.218277 0.215403 0.214448 0.210005 0.210321 0.210638 0.210638 0.215722 0.213176 0.22664  0.219557 0.218917 0.215722 0.222447 0.214766 0.213811 0.211906 0.224702 0.222447 0.266499 0.218596 0.21254  0.21254  0.207794 0.205903 0.204018 0.222769 0.220198 0.216998 0.212858 0.210955 0.209689 0.204018 0.204331 0.211906 0.206218 0.201198 0.211906 0.205903 0.201198 0.197455 0.202763 0.211906 0.204018 0.214766 0.213176 0.211589 0.197144 0.20874  0.204018 0.213811 0.199636 0.207478 0.221161 0.210955 0.220198 0.202763 0.205903 0.206848 0.216679 0.200573 0.208425 0.201511 0.207794 0.206533 0.210005 0.207478 0.204018 0.208425 0.207163 0.224057 0.203077 0.217317 0.205274 0.20874  0.207163 0.223735 0.213176 0.212223 0.211906 0.204646 0.210955 0.213176 0.207163 0.207163 0.219878 0.208425 0.204646 0.217957 0.211906 0.217957 0.211589 0.214448 0.218277 0.219557 0.213493 0.22309  0.21636  0.197144 
Msp.hungat 0.105342 0.103418 0.103144 0.0936014 0.052488 0        0.0706581 0.0898183 0.0675118 0.0828427 0.102595 0.103144 0.08525  0.0933305 0.100678 0.109204 0.130241 0.108099 0.108375 0.124291 0.113921 0.216041 0.19435  0.216041 0.19435  0.216998 0.219878 0.204646 0.207794 0.22664  0.191875 0.204331 0.211906 0.22084  0.228259 0.229233 0.225025 0.216998 0.209689 0.213811 0.225348 0.229882 0.217317 0.192493 0.190333 0.200885 0.197455 0.197766 0.225025 0.219237 0.220198 0.22084  0.233464 0.227935 0.210955 0.232486 0.229882 0.213811 0.213176 0.222447 0.216679 0.220519 0.211589 0.226317 0.208109 0.222769 0.230532 0.202137 0.222447 0.20874  0.219237 0.215084 0.213493 0.19528  0.198389 0.198078 0.193112 0.190333 0.212223 0.240681 0.201824 0.210005 0.200573 0.219878 0.197766 0.201824 0.191875 0.206218 0.193112 0.22309  0.210321 0.200573 0.20874  0.199948 0.208109 0.187871 0.191875 0.199636 0.19466  0.192184 0.218277 0.20339  0.19497  0.21636  0.231834 0.221804 0.227935 0.223412 0.228908 0.218596 0.210638 0.260722 0.217317 0.213811 0.214448 0.207478 0.204018 0.199948 0.22309  0.215084 0.205589 0.221482 0.214766 0.219557 0.20339  0.215403 0.20874  0.204646 0.231508 0.212858 0.217957 0.225025 0.217957 0.203704 0.205274 0.206218 0.22664  0.235098 0.268549 0.209056 0.216041 0.217637 0.219237 0.217957 0.199324 0.226964 0.225671 0.205903 0.211906 0.205274 0.216041 0.197144 0.210005 0.204646 0.20496  0.196522 0.210005 0.202137 0.207794 0.198389 0.192802 0.207163 0.207794 0.211589 0.204646 0.209689 0.192802 0.203704 0.207163 0.207163 0.19404  0.212858 0.213493 0.205903 0.210638 0.195901 0.206218 0.203077 0.20874  0.196211 0.20339  0.19497  0.204331 0.201824 0.205274 0.205589 0.199636 0.203704 0.201198 0.227935 0.20496  0.215084 0.19435  0.218277 0.207478 0.20874  0.204646 0.202763 0.209372 0.212858 0.20245  0.205589 0.214766 0.210955 0.225348 0.211906 0.215084 0.211589 0.210321 0.214766 0.205589 0.213176 0.222447 0.226317 0.215084 0.228259 0.220519 0.192802 
Mcr.labre2 0.104242 0.112531 0.113921 0.10727  0.0648999 0.0706581 0        0.0946858 0.0995851 0.109758 0.121756 0.124856 0.111698 0.121474 0.130526 0.137387 0.129104 0.132806 0.129673 0.152472 0.128537 0.229233 0.222125 0.210005 0.222769 0.229557 0.211272 0.233464 0.228908 0.22084  0.214766 0.216679 0.213176 0.216998 0.22664  0.224702 0.222769 0.218917 0.227288 0.225671 0.220198 0.224702 0.209372 0.220519 0.215403 0.225025 0.223412 0.224379 0.213811 0.227611 0.231508 0.224702 0.219557 0.213493 0.219878 0.22084  0.221804 0.219878 0.219237 0.213811 0.208109 0.22309  0.20496  0.219557 0.228908 0.213811 0.217637 0.226964 0.212858 0.233791 0.239693 0.243984 0.236736 0.218917 0.221804 0.221161 0.213811 0.211272 0.20245  0.232812 0.227611 0.230857 0.19497  0.208425 0.221804 0.216041 0.214448 0.198078 0.207478 0.222769 0.199948 0.21254  0.199948 0.20874  0.196522 0.207794 0.211906 0.211272 0.218277 0.217317 0.209056 0.223735 0.209689 0.235098 0.231834 0.219237 0.222125 0.218917 0.230207 0.230857 0.237064 0.283055 0.234118 0.218277 0.217317 0.210005 0.230857 0.225671 0.214129 0.227935 0.234771 0.21636  0.20874  0.212223 0.225994 0.224379 0.230857 0.228584 0.225348 0.23772  0.226964 0.228908 0.233464 0.228908 0.227611 0.231508 0.22309  0.219878 0.259369 0.229882 0.212223 0.216998 0.210321 0.210321 0.22309  0.223412 0.218277 0.234444 0.217957 0.228584 0.209372 0.22309  0.221161 0.223412 0.20339  0.204018 0.213176 0.210955 0.201511 0.201824 0.222769 0.222125 0.205274 0.222769 0.225671 0.216041 0.214766 0.218277 0.209689 0.230857 0.217637 0.207478 0.228259 0.219557 0.232486 0.216998 0.221482 0.216998 0.22309  0.209056 0.218277 0.217957 0.227288 0.219237 0.21636  0.213176 0.215084 0.220198 0.217957 0.224057 0.210638 0.225671 0.22084  0.210955 0.223412 0.236081 0.23216  0.223735 0.225671 0.213811 0.222125 0.234771 0.208425 0.213811 0.22084  0.219557 0.224702 0.235098 0.217637 0.22309  0.231183 0.22309  0.214448 0.221804 0.225348 0.239693 0.210005 0.216679 
Msr.barke2 0.100678 0.104792 0.104792 0.0993121 0.0871277 0.0898183 0.0946858 0        0.0709209 0.109758 0.122881 0.116989 0.097676 0.107546 0.118668 0.118388 0.112253 0.121474 0.1226   0.141419 0.125987 0.223412 0.212858 0.199324 0.211589 0.211589 0.205903 0.223735 0.22309  0.210638 0.217317 0.206533 0.20026  0.205589 0.208425 0.216041 0.210321 0.211272 0.215084 0.220519 0.210955 0.210321 0.199012 0.213493 0.206218 0.215722 0.216679 0.219557 0.225994 0.21636  0.233464 0.221161 0.218596 0.222447 0.22309  0.21636  0.222769 0.209056 0.227935 0.218596 0.213176 0.227288 0.192802 0.216041 0.225671 0.207478 0.224057 0.225994 0.213176 0.230207 0.233138 0.236081 0.233138 0.205903 0.218917 0.209689 0.217317 0.212858 0.217637 0.22309  0.224379 0.225671 0.188178 0.220519 0.213176 0.210321 0.215084 0.192493 0.19466  0.22664  0.207163 0.199012 0.196833 0.201824 0.201824 0.208425 0.210321 0.201511 0.210955 0.220519 0.219557 0.231508 0.196522 0.238049 0.236408 0.221482 0.218277 0.214766 0.231183 0.220519 0.232486 0.272665 0.233464 0.217957 0.206848 0.196522 0.225025 0.218917 0.224057 0.218277 0.228259 0.224057 0.213811 0.214766 0.227288 0.228908 0.225348 0.224702 0.215722 0.235098 0.219557 0.237064 0.221161 0.224702 0.217957 0.221161 0.217317 0.217957 0.261399 0.213493 0.214766 0.218596 0.19404  0.200885 0.214448 0.205903 0.206533 0.226317 0.208425 0.227611 0.224702 0.220198 0.220519 0.205589 0.189101 0.19497  0.200573 0.19559  0.196522 0.191875 0.210955 0.20245  0.185418 0.199636 0.220198 0.192184 0.207163 0.199636 0.197144 0.20496  0.206848 0.210005 0.204018 0.207478 0.222447 0.20339  0.213493 0.205903 0.204646 0.19528  0.195901 0.204331 0.217637 0.20496  0.204018 0.192493 0.199636 0.21254  0.199012 0.218277 0.198389 0.213176 0.216041 0.219557 0.206848 0.223735 0.226317 0.205903 0.210638 0.204331 0.211906 0.230857 0.215084 0.199636 0.209056 0.224702 0.222125 0.23216  0.215084 0.22309  0.221804 0.217637 0.213811 0.225671 0.225994 0.239364 0.218596 0.217637 
Mst.conci6 0.107822 0.102047 0.102047 0.0871277 0.0772556 0.0675118 0.0995851 0.0709209 0        0.0863224 0.0987663 0.0949572 0.0828427 0.0936014 0.103692 0.105067 0.125421 0.109481 0.111975 0.124291 0.111975 0.212858 0.19435  0.213811 0.196833 0.219237 0.218596 0.203704 0.204646 0.226317 0.197144 0.203704 0.213493 0.221161 0.228259 0.228259 0.224379 0.219557 0.212223 0.209372 0.225025 0.227288 0.210005 0.193731 0.188793 0.197144 0.197144 0.202137 0.221482 0.217317 0.216679 0.216041 0.227611 0.222769 0.206218 0.225994 0.226317 0.206848 0.211589 0.221161 0.212223 0.223412 0.212858 0.224702 0.204018 0.217957 0.230857 0.202137 0.219557 0.205903 0.210005 0.209689 0.208109 0.196522 0.197455 0.19466  0.192493 0.188793 0.219237 0.236081 0.20026  0.207478 0.204331 0.224379 0.200573 0.201824 0.196833 0.206848 0.191875 0.224057 0.209056 0.199012 0.209056 0.201198 0.210955 0.188486 0.196522 0.203704 0.190641 0.201511 0.222769 0.206218 0.198078 0.216998 0.231834 0.225348 0.228584 0.22664  0.228584 0.224702 0.21254  0.259369 0.219557 0.218917 0.214766 0.209372 0.206218 0.20339  0.22309  0.218596 0.207794 0.225348 0.214129 0.217957 0.207163 0.219878 0.213493 0.206533 0.230857 0.211906 0.222769 0.229233 0.217637 0.20245  0.201198 0.20496  0.231508 0.231183 0.270604 0.208109 0.217957 0.211589 0.216679 0.218917 0.199948 0.223735 0.224057 0.206533 0.214448 0.207163 0.223735 0.201198 0.210638 0.199948 0.20339  0.193731 0.20339  0.197455 0.200573 0.192184 0.188486 0.20339  0.199324 0.20496  0.201511 0.200885 0.189409 0.199948 0.202137 0.197144 0.189717 0.210638 0.210638 0.20339  0.205589 0.19404  0.197144 0.200573 0.207163 0.192493 0.197144 0.187871 0.197455 0.195901 0.196833 0.198389 0.197144 0.201824 0.197144 0.230207 0.199636 0.213493 0.198389 0.218917 0.210638 0.215722 0.207163 0.209689 0.209372 0.215084 0.202137 0.211272 0.216998 0.212223 0.225025 0.216041 0.209689 0.213176 0.212858 0.218596 0.201511 0.213811 0.22084  0.222769 0.210005 0.224702 0.219557 0.197455 
Hb.halobiu 0.105892 0.112531 0.104517 0.0974037 0.0933305 0.0828427 0.109758 0.109758 0.0863224 0        0.106443 0.103967 0.0960435 0.0952286 0.109758 0.116151 0.138249 0.113087 0.115035 0.134807 0.118108 0.22084  0.201511 0.221161 0.199324 0.223412 0.220519 0.213176 0.213176 0.232812 0.202763 0.207794 0.214766 0.228908 0.236736 0.230857 0.232812 0.227935 0.224057 0.229882 0.230532 0.233138 0.226317 0.201824 0.198701 0.211272 0.208425 0.206218 0.221804 0.216679 0.218596 0.220198 0.231183 0.22664  0.207163 0.225348 0.231183 0.219878 0.212858 0.224702 0.223735 0.221804 0.215403 0.232486 0.207794 0.221482 0.23216  0.206848 0.222769 0.217637 0.222125 0.221161 0.214766 0.19497  0.197144 0.19497  0.19559  0.193112 0.22309  0.242    0.21254  0.212858 0.208109 0.230532 0.205589 0.207163 0.193731 0.213811 0.197766 0.227288 0.214766 0.203077 0.209372 0.203704 0.213493 0.190949 0.196833 0.210321 0.195901 0.199948 0.22084  0.206848 0.201198 0.219557 0.233464 0.230532 0.233791 0.231508 0.229882 0.225348 0.214766 0.264115 0.220519 0.218917 0.217317 0.213493 0.208109 0.211589 0.222125 0.219878 0.207163 0.225348 0.217317 0.218917 0.205589 0.217957 0.212223 0.204018 0.23772  0.216998 0.225348 0.234771 0.223412 0.214448 0.210955 0.211906 0.238377 0.234444 0.274387 0.225348 0.219237 0.223735 0.22664  0.222769 0.205274 0.233464 0.233791 0.21636  0.227288 0.212858 0.225348 0.205274 0.216679 0.211272 0.20339  0.200573 0.208109 0.207478 0.20874  0.197766 0.193112 0.206218 0.207163 0.210321 0.20874  0.211589 0.198389 0.207478 0.211906 0.209372 0.197455 0.217317 0.215722 0.210321 0.207794 0.197144 0.209056 0.204331 0.209689 0.20026  0.201198 0.19497  0.205589 0.20245  0.204646 0.20874  0.202763 0.209689 0.204646 0.240351 0.204331 0.216679 0.204018 0.222769 0.21254  0.21636  0.205903 0.211589 0.214766 0.217317 0.210638 0.21254  0.217637 0.217317 0.228584 0.220519 0.215403 0.213811 0.215084 0.222447 0.208109 0.221161 0.230532 0.232812 0.221804 0.229557 0.226317 0.20339  
Pph.oshima 0.100952 0.104792 0.112253 0.102321 0.107822 0.102595 0.121756 0.122881 0.0987663 0.106443 0        0.0377592 0.0990392 0.0949572 0.114478 0.117548 0.139976 0.115314 0.119789 0.134807 0.111975 0.214766 0.197455 0.222125 0.20026  0.222769 0.228259 0.213176 0.210005 0.229882 0.204646 0.213493 0.22084  0.231508 0.232812 0.233464 0.221482 0.228259 0.219878 0.227611 0.234444 0.235753 0.217637 0.201824 0.196522 0.201511 0.20496  0.205274 0.229882 0.221161 0.214448 0.221161 0.234444 0.229882 0.214129 0.23216  0.233138 0.216679 0.222447 0.226317 0.224379 0.229882 0.214129 0.226964 0.207163 0.221161 0.233138 0.20496  0.22309  0.213811 0.214448 0.219557 0.213493 0.195901 0.19559  0.19435  0.196833 0.19404  0.219237 0.236081 0.214448 0.214448 0.209372 0.217637 0.202763 0.205589 0.196522 0.211272 0.201511 0.229882 0.216998 0.206218 0.215084 0.208109 0.216998 0.196833 0.203704 0.206848 0.206533 0.205903 0.221161 0.212223 0.200573 0.223735 0.234444 0.229233 0.238706 0.229882 0.230207 0.227935 0.215084 0.268549 0.22084  0.222125 0.219237 0.215084 0.214766 0.213176 0.227288 0.217317 0.216041 0.231508 0.224057 0.223412 0.209372 0.221482 0.214766 0.210638 0.245309 0.221804 0.228908 0.23772  0.224702 0.21254  0.20874  0.213811 0.230207 0.234444 0.265817 0.217637 0.215722 0.216679 0.227935 0.222125 0.20339  0.227935 0.231834 0.215403 0.221482 0.210005 0.218596 0.199012 0.211906 0.217317 0.205589 0.20339  0.211906 0.205903 0.213811 0.202763 0.202763 0.20874  0.211906 0.212223 0.210638 0.216998 0.201198 0.211906 0.209689 0.210955 0.200573 0.21636  0.222125 0.21254  0.217317 0.197144 0.210321 0.210005 0.20874  0.201824 0.207478 0.197766 0.205903 0.201824 0.205903 0.207163 0.203704 0.207478 0.205274 0.244978 0.207794 0.218596 0.209372 0.225348 0.215403 0.222125 0.221161 0.214448 0.221161 0.228908 0.218277 0.22084  0.22664  0.225994 0.23772  0.224379 0.221482 0.221482 0.221482 0.226317 0.211906 0.225348 0.223412 0.231508 0.214448 0.230857 0.225994 0.201824 
Tpl.acidop 0.105342 0.102595 0.106995 0.103967 0.1142   0.103144 0.124856 0.116989 0.0949572 0.103967 0.0377592 0        0.0968593 0.0946858 0.108928 0.113921 0.138537 0.112809 0.11671  0.130811 0.109481 0.210638 0.196833 0.218596 0.20026  0.222447 0.228908 0.21254  0.209372 0.233791 0.204331 0.211589 0.221482 0.232812 0.232486 0.235098 0.225025 0.230532 0.222125 0.230857 0.230532 0.233791 0.215722 0.199636 0.199636 0.20496  0.206533 0.204646 0.228259 0.223412 0.216679 0.22084  0.228584 0.227935 0.20874  0.230207 0.228908 0.213493 0.222125 0.224702 0.22309  0.225994 0.21254  0.224702 0.206218 0.223735 0.231183 0.204331 0.223412 0.21254  0.218277 0.217317 0.218277 0.196833 0.19528  0.19528  0.196833 0.191875 0.223735 0.236736 0.215084 0.214129 0.211589 0.216679 0.202137 0.207794 0.196833 0.209372 0.201198 0.231183 0.216041 0.204646 0.214129 0.206848 0.216041 0.198701 0.203704 0.209372 0.206848 0.20496  0.223735 0.20874  0.199636 0.221161 0.23772  0.230207 0.236081 0.229233 0.231508 0.229557 0.213811 0.267865 0.222447 0.222125 0.22084  0.216041 0.211906 0.215403 0.227288 0.217637 0.21254  0.232486 0.22084  0.223735 0.206848 0.219557 0.212223 0.208425 0.240022 0.218277 0.229557 0.234444 0.219878 0.213493 0.210638 0.211272 0.231183 0.23216  0.258694 0.21636  0.215403 0.220198 0.226317 0.222125 0.204646 0.230532 0.23216  0.213811 0.219557 0.211589 0.219878 0.202137 0.211906 0.214448 0.20874  0.201824 0.210638 0.20496  0.214129 0.203077 0.201824 0.210321 0.212223 0.213176 0.210321 0.213176 0.201824 0.211589 0.210638 0.210638 0.200885 0.216679 0.220198 0.212223 0.218277 0.20026  0.20874  0.207794 0.205589 0.201511 0.205903 0.19497  0.20496  0.201824 0.204018 0.206218 0.202763 0.209372 0.204018 0.242661 0.201511 0.219557 0.207478 0.227611 0.210321 0.216679 0.218277 0.219237 0.221161 0.228908 0.216679 0.21636  0.225671 0.221482 0.236081 0.217957 0.219237 0.216041 0.216998 0.226964 0.209056 0.225994 0.228908 0.230857 0.213493 0.229557 0.226317 0.201198 
Arg.fulgid 0.0751381 0.0938724 0.0825757 0.0892794 0.0884718 0.08525  0.111698 0.097676 0.0828427 0.0960435 0.0990392 0.0968593 0        0.0669887 0.0751381 0.0882028 0.109758 0.0841792 0.085518 0.108928 0.111698 0.19497  0.177802 0.208425 0.191567 0.212223 0.215084 0.190949 0.20339  0.225994 0.184194 0.206848 0.205903 0.221804 0.22309  0.223412 0.219878 0.216679 0.208425 0.215084 0.208425 0.219237 0.204331 0.192184 0.189717 0.191258 0.192184 0.196211 0.22084  0.215403 0.215722 0.215403 0.228259 0.227611 0.211272 0.229233 0.225348 0.210955 0.217637 0.223412 0.212858 0.220519 0.200885 0.230532 0.20496  0.21636  0.220519 0.20026  0.221482 0.209056 0.213176 0.215722 0.215084 0.188486 0.189409 0.197766 0.190949 0.182667 0.214766 0.235426 0.197455 0.196522 0.200573 0.214448 0.192493 0.197455 0.189409 0.196833 0.190641 0.221482 0.209689 0.199948 0.201198 0.196211 0.205903 0.18695  0.192184 0.193731 0.186643 0.191567 0.213811 0.20026  0.192493 0.215084 0.231508 0.224379 0.222447 0.224379 0.229233 0.217637 0.209056 0.260384 0.221482 0.21254  0.211906 0.20874  0.204331 0.206848 0.223412 0.21254  0.205903 0.221482 0.211272 0.219878 0.19466  0.210321 0.207478 0.198389 0.228584 0.208109 0.21254  0.223735 0.211906 0.201824 0.199324 0.199948 0.224379 0.235098 0.276112 0.214448 0.217637 0.210321 0.205903 0.211272 0.193731 0.213176 0.221804 0.206218 0.210638 0.205274 0.215722 0.191258 0.208425 0.191567 0.19435  0.189717 0.199012 0.19497  0.197455 0.187564 0.182057 0.203077 0.198078 0.197455 0.199012 0.198078 0.185724 0.198078 0.197144 0.192493 0.183888 0.207478 0.207478 0.198078 0.20245  0.18603  0.197766 0.196522 0.205274 0.1845   0.192184 0.184194 0.19466  0.19404  0.195901 0.197144 0.196211 0.20245  0.193731 0.231508 0.199636 0.202763 0.191875 0.216041 0.21254  0.20874  0.20874  0.197766 0.20339  0.211906 0.191875 0.206533 0.211589 0.207478 0.221161 0.213176 0.20874  0.208425 0.210321 0.218596 0.197766 0.212223 0.213176 0.219878 0.212858 0.22084  0.206848 0.191875 
Tc.hythrml 0.0738177 0.0927891 0.0772556 0.0860542 0.102595 0.0933305 0.121474 0.107546 0.0936014 0.0952286 0.0949572 0.0946858 0.0669887 0        0.0696079 0.0756669 0.097676 0.0767257 0.0791134 0.101499 0.116989 0.191258 0.172366 0.201824 0.183583 0.20874  0.210638 0.187871 0.197766 0.22309  0.17659  0.202763 0.197766 0.210638 0.21636  0.221161 0.219557 0.219237 0.210638 0.217317 0.206533 0.218277 0.20339  0.187257 0.189101 0.19559  0.185418 0.197766 0.22084  0.214766 0.213811 0.215084 0.230532 0.227288 0.207163 0.227611 0.228584 0.212223 0.215722 0.219557 0.21636  0.22084  0.201824 0.227288 0.208109 0.210955 0.224379 0.191875 0.217957 0.207163 0.211272 0.212858 0.210955 0.185112 0.1845   0.191567 0.183888 0.179623 0.211906 0.239693 0.199324 0.199324 0.20245  0.218596 0.191875 0.197766 0.185112 0.198701 0.191875 0.219878 0.205903 0.196211 0.20339  0.19559  0.204646 0.184806 0.189409 0.19435  0.187564 0.19497  0.216679 0.203077 0.191567 0.212223 0.229882 0.223735 0.221804 0.222769 0.228584 0.217957 0.208109 0.255661 0.217317 0.214448 0.204331 0.206533 0.200573 0.205589 0.225025 0.209689 0.207163 0.221804 0.216998 0.217637 0.200885 0.215722 0.212223 0.198078 0.228584 0.211906 0.213176 0.226964 0.214448 0.199948 0.192493 0.192493 0.223735 0.231183 0.275077 0.208109 0.212858 0.205903 0.209689 0.212223 0.19559  0.215722 0.224702 0.200573 0.21254  0.20496  0.224702 0.189717 0.213811 0.19466  0.192493 0.185724 0.19497  0.191567 0.199636 0.186643 0.185724 0.196833 0.198078 0.19466  0.196833 0.197144 0.188486 0.197766 0.20026  0.196211 0.189717 0.206848 0.204018 0.199012 0.200885 0.185112 0.197144 0.197766 0.20026  0.18603  0.193112 0.182667 0.190641 0.191258 0.196833 0.19497  0.193421 0.201511 0.192184 0.225671 0.190333 0.20026  0.187564 0.218917 0.205589 0.205589 0.208109 0.189717 0.20339  0.207163 0.192802 0.203077 0.208425 0.202763 0.221804 0.207478 0.211272 0.201824 0.208425 0.21254  0.199324 0.213176 0.215403 0.223412 0.209689 0.226964 0.213493 0.192184 
Mpy.kandl1 0.0865907 0.103967 0.0831098 0.0955001 0.112809 0.100678 0.130526 0.118668 0.103692 0.109758 0.114478 0.108928 0.0751381 0.0696079 0        0.0696079 0.0960435 0.0672502 0.0740816 0.100952 0.120912 0.186337 0.175683 0.20026  0.182362 0.214129 0.211272 0.188793 0.206533 0.221161 0.180535 0.206218 0.200885 0.209372 0.222769 0.208109 0.213811 0.211906 0.20496  0.213176 0.201824 0.210005 0.20245  0.186643 0.190333 0.196833 0.186643 0.195901 0.222447 0.218596 0.218917 0.218596 0.235098 0.227935 0.214766 0.235426 0.231183 0.212858 0.22309  0.223735 0.219237 0.224057 0.200573 0.227935 0.206533 0.216679 0.221482 0.19528  0.222447 0.20874  0.210321 0.210955 0.215722 0.191567 0.191258 0.197455 0.189409 0.18603  0.213811 0.240351 0.19435  0.198389 0.205274 0.21254  0.19435  0.199324 0.186337 0.197455 0.19497  0.218277 0.207794 0.198078 0.207163 0.195901 0.205274 0.189409 0.190641 0.196211 0.192802 0.19404  0.217637 0.201511 0.19435  0.21254  0.231508 0.223735 0.220519 0.222769 0.228584 0.217317 0.206218 0.263095 0.21636  0.214448 0.209056 0.211589 0.201198 0.205903 0.221161 0.209372 0.203704 0.218917 0.214129 0.220519 0.199012 0.213176 0.205274 0.201198 0.229233 0.210638 0.214129 0.229233 0.213493 0.19466  0.190333 0.191875 0.216998 0.230857 0.276804 0.207478 0.209056 0.206533 0.206533 0.206533 0.185724 0.213176 0.217317 0.201824 0.207163 0.204646 0.225671 0.19404  0.21636  0.192493 0.189101 0.191567 0.196211 0.193731 0.201198 0.191567 0.190641 0.203077 0.201511 0.19404  0.203077 0.20245  0.191258 0.205274 0.200885 0.201824 0.191567 0.211272 0.20874  0.202763 0.208109 0.190025 0.201511 0.201824 0.20245  0.18695  0.19404  0.184806 0.199324 0.19466  0.198078 0.201511 0.197144 0.205274 0.199012 0.228908 0.193731 0.204646 0.192802 0.217637 0.215403 0.206848 0.207163 0.188486 0.198078 0.208425 0.193421 0.20339  0.210005 0.200573 0.219557 0.208425 0.210005 0.203704 0.206848 0.215722 0.201824 0.217957 0.210638 0.221161 0.215403 0.225348 0.212858 0.190641 
Tmf.penden 0.0925186 0.110588 0.0949572 0.101773 0.11643  0.109204 0.137387 0.118388 0.105067 0.116151 0.117548 0.113921 0.0882028 0.0756669 0.0696079 0        0.0635974 0.0489062 0.0558293 0.0709209 0.104517 0.191875 0.182057 0.20026  0.187871 0.213811 0.214448 0.190641 0.204018 0.22084  0.181752 0.202763 0.20026  0.206218 0.220519 0.22084  0.218596 0.219557 0.213493 0.217637 0.204331 0.216998 0.20339  0.190949 0.191258 0.199012 0.191875 0.201511 0.222769 0.221161 0.218596 0.219557 0.229233 0.22664  0.213811 0.229557 0.227935 0.214448 0.225994 0.222125 0.215084 0.225348 0.204646 0.221482 0.204646 0.210638 0.229882 0.196522 0.219878 0.208109 0.212223 0.211906 0.210638 0.189409 0.18695  0.195901 0.189717 0.185724 0.219237 0.238377 0.199324 0.200885 0.201511 0.216998 0.193421 0.201198 0.189101 0.204331 0.192802 0.219557 0.206848 0.196522 0.207163 0.198701 0.207794 0.187564 0.192802 0.19466  0.191567 0.197766 0.217957 0.205589 0.196833 0.211906 0.228908 0.219557 0.216998 0.219878 0.22664  0.214448 0.209372 0.257682 0.212858 0.216041 0.207163 0.215722 0.202137 0.206533 0.225671 0.209372 0.206848 0.222447 0.215722 0.222125 0.198078 0.215084 0.209056 0.201198 0.226964 0.214129 0.214129 0.228259 0.217317 0.200885 0.197455 0.198078 0.223735 0.226964 0.272321 0.204331 0.205903 0.208109 0.212223 0.213176 0.197766 0.215403 0.223735 0.206218 0.216679 0.204018 0.22309  0.196522 0.214448 0.19466  0.192184 0.189717 0.199012 0.19528  0.200885 0.191258 0.191258 0.200885 0.198389 0.191875 0.204331 0.197144 0.188793 0.200573 0.20026  0.198389 0.191258 0.206218 0.204646 0.20245  0.201511 0.188793 0.202137 0.204018 0.200573 0.188486 0.191567 0.183583 0.197144 0.195901 0.20026  0.196833 0.196522 0.201511 0.196833 0.227935 0.196211 0.205903 0.197144 0.218596 0.216041 0.211906 0.207794 0.199012 0.201511 0.206218 0.193421 0.203077 0.209372 0.201511 0.218917 0.207163 0.209372 0.205589 0.20496  0.212858 0.20026  0.212858 0.216679 0.222769 0.208425 0.224379 0.215722 0.19435  
Thp.neutro 0.0898183 0.126552 0.107822 0.115314 0.126836 0.130241 0.129104 0.112253 0.125421 0.138249 0.139976 0.138537 0.109758 0.097676 0.0960435 0.0635974 0        0.0675118 0.0748738 0.0936014 0.127402 0.197455 0.197766 0.182057 0.20245  0.207478 0.190333 0.20339  0.216998 0.200573 0.19435  0.200573 0.180231 0.185724 0.197144 0.192184 0.191567 0.189409 0.205274 0.210005 0.187564 0.198078 0.182057 0.208109 0.205589 0.210955 0.20496  0.218917 0.213811 0.216041 0.22664  0.220198 0.212858 0.217637 0.225994 0.211906 0.214448 0.211906 0.224702 0.213811 0.207478 0.22084  0.187564 0.199636 0.220519 0.190333 0.218917 0.212223 0.198701 0.216041 0.215403 0.223735 0.220519 0.196522 0.206848 0.20496  0.205589 0.201824 0.204018 0.217637 0.221804 0.21254  0.182667 0.211906 0.211906 0.210955 0.204018 0.182362 0.190641 0.215403 0.193421 0.193421 0.184194 0.192802 0.185724 0.199948 0.199948 0.192493 0.207163 0.210321 0.205903 0.225025 0.192802 0.225025 0.225671 0.203704 0.19435  0.198078 0.220198 0.20496  0.220198 0.262417 0.218277 0.208425 0.199324 0.19559  0.216041 0.224379 0.208425 0.205903 0.218917 0.209689 0.200573 0.206848 0.214129 0.216679 0.22084  0.214766 0.206218 0.224057 0.209056 0.225348 0.210321 0.214448 0.208425 0.210321 0.204331 0.209372 0.254989 0.205589 0.19435  0.209056 0.189409 0.19466  0.214129 0.196211 0.20339  0.218596 0.210005 0.219878 0.209689 0.210321 0.224057 0.19559  0.167567 0.187564 0.19435  0.190949 0.1845   0.185724 0.20339  0.199948 0.183888 0.18603  0.21254  0.190641 0.203704 0.196211 0.192802 0.204331 0.207478 0.195901 0.20339  0.207163 0.214448 0.199324 0.212223 0.207478 0.203077 0.188793 0.191258 0.20026  0.214448 0.198701 0.199324 0.190025 0.195901 0.20874  0.19404  0.210321 0.192184 0.205274 0.206218 0.210955 0.215084 0.22084  0.230207 0.198078 0.201198 0.197455 0.20245  0.225671 0.203704 0.190641 0.20339  0.214129 0.215403 0.22664  0.210321 0.218277 0.217317 0.214448 0.20245  0.214129 0.216998 0.235098 0.198389 0.207478 
Pyr.occult 0.0903576 0.109481 0.0946858 0.103144 0.118948 0.108099 0.132806 0.121474 0.109481 0.113087 0.115314 0.112809 0.0841792 0.0767257 0.0672502 0.0489062 0.0675118 0        0.0322473 0.0633372 0.102595 0.185418 0.173269 0.198389 0.182972 0.210955 0.210005 0.180535 0.201198 0.215722 0.175986 0.198078 0.198078 0.207163 0.218596 0.210005 0.21254  0.207478 0.20245  0.210638 0.199636 0.216041 0.204331 0.190333 0.191258 0.19528  0.188178 0.199948 0.228259 0.223735 0.219878 0.221804 0.237064 0.231183 0.218917 0.235098 0.230207 0.217637 0.221482 0.223412 0.219557 0.222769 0.201198 0.218277 0.200573 0.210321 0.227288 0.188793 0.215084 0.205589 0.20874  0.210321 0.208425 0.187257 0.186643 0.196211 0.18695  0.183583 0.21254  0.234444 0.200573 0.193112 0.201824 0.213176 0.191567 0.199012 0.182667 0.201511 0.193421 0.219878 0.207794 0.197144 0.206533 0.196833 0.205903 0.186337 0.190641 0.193421 0.191567 0.192493 0.219878 0.206848 0.196522 0.207163 0.22664  0.218277 0.214448 0.219557 0.224379 0.211589 0.204646 0.255325 0.210955 0.209056 0.204646 0.207478 0.198701 0.204018 0.219557 0.204018 0.199324 0.221161 0.211589 0.216041 0.19528  0.207478 0.206533 0.192802 0.224379 0.207163 0.209372 0.224379 0.211272 0.19528  0.196211 0.192493 0.222125 0.229233 0.270604 0.203077 0.204331 0.204018 0.204018 0.210005 0.190025 0.208109 0.22084  0.201198 0.20874  0.198701 0.220519 0.191258 0.213493 0.189717 0.181143 0.187871 0.190025 0.188178 0.191875 0.186337 0.182667 0.193112 0.19404  0.185724 0.19528  0.193421 0.183888 0.19528  0.19528  0.19404  0.186643 0.202137 0.20026  0.197766 0.198078 0.180231 0.196211 0.197766 0.196211 0.183888 0.186337 0.180839 0.192802 0.190333 0.193731 0.191258 0.190333 0.19497  0.190641 0.228584 0.190333 0.201511 0.190025 0.218277 0.214448 0.204646 0.205274 0.190333 0.195901 0.204646 0.192493 0.199948 0.207794 0.199948 0.21636  0.207163 0.204018 0.20245  0.206218 0.21254  0.197455 0.213493 0.210005 0.219237 0.210955 0.219237 0.210638 0.190025 
Dco.mobili 0.0917075 0.106995 0.0944146 0.103692 0.118108 0.108375 0.129673 0.1226   0.111975 0.115035 0.119789 0.11671  0.085518 0.0791134 0.0740816 0.0558293 0.0748738 0.0322473 0        0.0641181 0.104242 0.192802 0.178712 0.203704 0.185724 0.21254  0.215403 0.183583 0.201198 0.220198 0.180231 0.199012 0.200573 0.210321 0.222125 0.216041 0.219878 0.215722 0.210005 0.215403 0.203704 0.218277 0.208109 0.19435  0.19404  0.197144 0.193112 0.197455 0.225348 0.22309  0.222769 0.222125 0.238049 0.231508 0.218917 0.234118 0.231508 0.216679 0.224057 0.22664  0.222125 0.222125 0.201824 0.221804 0.198701 0.217957 0.228908 0.195901 0.215084 0.203077 0.204646 0.208109 0.206218 0.185418 0.186643 0.191258 0.1845   0.180535 0.21636  0.235098 0.198701 0.19404  0.198701 0.217317 0.190333 0.198389 0.183583 0.203077 0.19559  0.217317 0.209689 0.20026  0.208109 0.20026  0.206533 0.188486 0.192802 0.19404  0.19435  0.192802 0.218596 0.206533 0.196833 0.20874  0.225994 0.21636  0.215722 0.218277 0.222769 0.210638 0.20245  0.253647 0.209689 0.207794 0.200573 0.208425 0.196522 0.201198 0.217637 0.20339  0.20026  0.217957 0.209689 0.216679 0.19559  0.207478 0.205274 0.193421 0.221161 0.208109 0.208425 0.22084  0.208109 0.198389 0.199012 0.198389 0.222769 0.227288 0.272321 0.209689 0.209372 0.20496  0.20496  0.211589 0.191567 0.211589 0.221804 0.202137 0.21254  0.197144 0.218596 0.192802 0.211272 0.189409 0.187564 0.190025 0.193731 0.191258 0.197144 0.190949 0.186337 0.199012 0.199636 0.191875 0.199948 0.199636 0.188486 0.198078 0.201824 0.197455 0.191258 0.205589 0.202763 0.202763 0.199324 0.1845   0.197766 0.202137 0.199636 0.189409 0.193421 0.187257 0.199324 0.19528  0.196211 0.199012 0.19435  0.198078 0.197144 0.229233 0.192802 0.204646 0.190949 0.218917 0.217317 0.206218 0.207163 0.192802 0.20026  0.210005 0.198078 0.205274 0.21254  0.206218 0.221161 0.214129 0.20874  0.206533 0.207794 0.21636  0.200573 0.210955 0.214766 0.219557 0.211272 0.222769 0.209056 0.19497  
Sul.solfa4 0.114757 0.125987 0.120631 0.122037 0.134521 0.124291 0.152472 0.141419 0.124291 0.134807 0.134807 0.130811 0.108928 0.101499 0.100952 0.0709209 0.0936014 0.0633372 0.0641181 0        0.122318 0.202763 0.198078 0.223412 0.203704 0.229557 0.230532 0.205903 0.214129 0.23216  0.19404  0.216998 0.219557 0.228908 0.240022 0.243322 0.236081 0.233138 0.225671 0.231183 0.221161 0.233791 0.222447 0.209372 0.206533 0.210955 0.204646 0.214448 0.240022 0.237064 0.235426 0.242    0.252306 0.245309 0.229233 0.249967 0.244646 0.230532 0.233791 0.240681 0.237064 0.239693 0.22309  0.237392 0.21254  0.229233 0.243653 0.209056 0.232812 0.219557 0.227611 0.226317 0.226964 0.204646 0.199948 0.209689 0.20026  0.198701 0.231183 0.250634 0.218596 0.211589 0.222447 0.233464 0.209372 0.219557 0.202763 0.221161 0.206533 0.233464 0.217957 0.214448 0.219878 0.211589 0.219878 0.199948 0.20874  0.210638 0.20496  0.209689 0.23772  0.220198 0.210005 0.222125 0.240681 0.237064 0.240351 0.24101  0.24101  0.235098 0.221482 0.269918 0.23216  0.228908 0.225671 0.223735 0.221482 0.222125 0.237064 0.222125 0.223735 0.242331 0.229557 0.236081 0.21254  0.224702 0.223735 0.215722 0.244978 0.225348 0.23216  0.243984 0.23216  0.214766 0.216679 0.214766 0.238049 0.242661 0.286201 0.222769 0.22084  0.222447 0.226964 0.233464 0.211906 0.233138 0.24134  0.221161 0.228584 0.218277 0.235098 0.209372 0.227611 0.211906 0.204331 0.210638 0.213811 0.20874  0.214766 0.205903 0.199948 0.217637 0.215084 0.20874  0.210638 0.216041 0.205274 0.218277 0.218277 0.216679 0.206848 0.219878 0.222769 0.221161 0.218596 0.204331 0.21254  0.216679 0.214766 0.204646 0.210321 0.201511 0.20245  0.208425 0.212223 0.211272 0.20874  0.214129 0.209689 0.243984 0.206848 0.220519 0.214129 0.231834 0.228584 0.223735 0.219878 0.215403 0.22084  0.223412 0.215084 0.217957 0.228908 0.223412 0.234771 0.225025 0.222125 0.220198 0.22309  0.228908 0.218277 0.232812 0.229233 0.239693 0.225025 0.230532 0.228259 0.205903 
